18.670886075949362	0.9663793103448276
26.26582278481012	0.9646551724137931
33.48101265822785	0.9701724137931034
41.07594936708859	0.9701724137931034
48.86075949367086	0.97
56.07594936708859	0.973448275862069
63.67088607594936	0.9798275862068966
71.26582278481013	0.9844827586206897
78.86075949367086	0.9767241379310345
86.2658227848101	0.9817241379310345
93.86075949367091	0.9832758620689656
101.45569620253161	0.9886206896551725
108.67088607594937	0.9829310344827586
116.26582278481013	0.9870689655172413
123.86075949367086	0.9986206896551724
131.26582278481013	0.9848275862068966
138.86075949367086	1.0029310344827587
146.45569620253164	0.9989655172413793
