18.805026864584264	0.9852661870503598
26.393133594390264	0.98094964028777
33.59985429378017	0.9755971223021586
41.22402331299513	0.9940719424460436
48.79710408888077	0.9802589928057558
56.20954375739912	0.984920863309353
63.605318277023926	0.9790503597122309
71.40351516255355	0.9875107913669072
79.00091066387391	0.9890647482014397
86.40679355249974	0.9895827338129506
93.99626627811672	0.9861294964028787
101.59475457608595	0.9883741007194256
108.80857845369273	0.9875107913669077
116.40733995082412	0.9899280575539581
124.0028230580093	0.9902733812949654
131.21664693561604	0.9894100719424475
139.00664784627986	0.992690647482016
146.60021855932973	0.9918273381294981
