17.341772151898716	0.9178254437869824
22.46835443037974	0.9333579881656806
27.594936708860736	0.956656804733728
32.1518987341772	0.9794378698224853
37.2784810126582	0.9882396449704144
42.40506329113922	1.0001479289940831
47.5316455696202	1.009467455621302
52.65822784810123	1.0161982248520711
57.21518987341768	1.0291420118343195
62.34177215189869	1.0281065088757397
67.46835443037969	1.0384615384615385
72.59493670886067	1.0400147928994083
77.72151898734171	1.0420857988165682
82.27848101265818	1.044156804733728
87.40506329113916	1.052440828402367
92.5316455696202	1.0503698224852072
97.6582278481012	1.0545118343195266
102.78481012658219	1.0638313609467456
107.34177215189862	1.0555473372781066
112.46835443037969	1.0581360946745562
117.59493670886067	1.0638313609467456
122.72151898734168	1.0803994082840236
127.27848101265815	1.0627958579881656
132.40506329113913	1.0757396449704142
137.53164556962017	1.0747041420118344
142.65822784810115	1.0793639053254438
147.78481012658216	1.0721153846153846
