17.341772151898773	0.921967455621302
22.46835443037974	0.9343934911242605
27.594936708860736	0.9499260355029587
32.15189873417717	0.965458579881657
37.27848101265821	0.9840976331360949
42.40506329113921	0.9923816568047339
47.53164556962022	1.000665680473373
52.46835443037971	1.0073964497041423
57.215189873417664	1.0167159763313611
62.341772151898674	1.017751479289941
67.46835443037972	1.0239644970414203
72.5949367088607	1.0291420118343195
77.72151898734171	1.0338017751479291
82.27848101265815	1.0358727810650887
87.40506329113919	1.0394970414201183
92.5316455696202	1.043639053254438
97.65822784810115	1.0441568047337277
102.78481012658219	1.043121301775148
107.34177215189862	1.0493343195266271
112.46835443037969	1.0503698224852072
117.59493670886067	1.050887573964497
122.53164556962017	1.052440828402367
127.46835443037966	1.051923076923077
132.40506329113916	1.0581360946745562
137.53164556962017	1.0565828402366864
142.65822784810115	1.060207100591716
147.59493670886064	1.0607248520710058
