33.88048561394664	0.7297640653357528	0.0049001815
39.00491359376169	0.7515426497277676	0.0049001815
44.33310327579641	0.7700544464609798	0.0049001815
49.43057052803311	0.7744101633393826	0.0049001815
56.9069509305561	0.7950998185117965	0.0049001815
67.21354054129743	0.8081669691470051	0.0049001815
79.89666831760633	0.8462794918330305	0.0054446461
97.43664662660002	0.8451905626134297	0.0059891107
118.82723404806586	0.8691470054446461	0.0087114338
152.529263181058	0.8909255898366604	0.0087114338
252.93444796595102	0.9072595281306713	0.027223230
