33.664268801130106	0.6274047186932847	0.0043557169
39.00491359376165	0.6470054446460975	0.0049001815
44.333103275796454	0.6666061705989108	0.0049001815
49.43057052803311	0.6872958257713246	0.0049001815
56.90695093055628	0.6981851179673326	0.0049001815
67.21354054129756	0.7319419237749543	0.0049001815
79.89666831760641	0.7526315789473684	0.0049001815
97.43664662660002	0.772232304900181	0.0059891107
118.06890826388327	0.7809437386569873	0.0087114338
154.49486655435047	0.7874773139745918	0.0087114338
256.19394580770995	0.8201451905626131	0.029401089
