0 0.849074 0.813983 0.428101
1 0.840997 0.821527 0.429602
2 0.848169 0.816542 0.433534
3 0.846863 0.821912 0.438719
4 0.846738 0.825822 0.46527
5 0.832995 0.835638 0.443816
6 0.83065 0.833631 0.469502
7 0.821376 0.845741 0.483188
8 0.878319 0.863574 0.55633
9 0.919514 0.885853 0.614475
10 0.957731 0.901072 0.668224
11 1 0.898372 0.659404
12 1 0.8888 0.638538
13 1 0.906675 0.664877
14 0.942078 0.910886 0.704033
15 0.861265 0.896807 0.641138
16 0.83916 0.894931 0.63526
17 0.851553 0.909335 0.673894
18 0.848346 0.914154 0.670545
19 0.88475 0.925505 0.691777
20 0.886906 0.948698 0.711163
21 0.932801 0.932361 0.75732
22 0.935081 0.970994 0.747878
23 1 0.963662 0.794754
24 1 0.955872 0.796785
25 1 0.959121 0.808335
26 1 0.966835 0.808963
27 1 0.960957 0.813645
28 1 0.958802 0.827472
29 1 0.973901 0.832058
30 1 0.958663 0.853577
31 1 1.00235 0.832544
