0 -845869 2.04671e+06 -0.232835 0.0011105
1 -2.11658e+07 4.99093e+07 -0.227739 0.00022326
2 -1.76033e+07 4.01018e+07 -0.209657 0.000249175
3 -1.85024e+07 4.29062e+07 -0.23602 0.000239652
4 -4.87903e+07 1.03336e+08 -0.169521 0.000150455
5 -3.19686e+08 6.3151e+08 -0.0860243 5.7613e-05
6 -5.53859e+07 9.96671e+07 0.0400128 0.000135378
7 -1.9249e+07 3.31861e+07 0.0442058 0.000231331
8 -1.63326e+09 2.78576e+09 0.0643438 2.51734e-05
9 -2.50201e+09 4.24116e+09 -0.143569 2.10951e-05
10 -2.33262e+07 3.9343e+07 -0.286848 0.000225903
11 -6.38793e+07 1.08056e+08 -0.308361 0.000165769
12 -1.1071e+07 1.83895e+07 -0.202605 0.000412203
13 -1.55281e+07 2.28967e+07 -0.177834 0.000386238
14 -5.40757e+07 7.28137e+07 -0.169126 0.000196251
15 -3.11515e+07 4.19059e+07 -0.262557 0.000267059
16 -29539.2 36952.5 -0.205646 0.00887773
17 -5.58374e+07 6.96855e+07 -0.0837477 0.000189689
18 -5.25795e+07 6.71398e+07 -0.0412191 0.000186807
19 -1.44678e+06 1.91619e+06 -0.0471874 0.00110654
20 -4.50732e+07 5.43792e+07 0.150788 0.000192463
21 -6.65555e+07 8.64078e+07 -0.118355 0.000168429
22 -538.115 920.954 -0.644432 0.0572243
23 -77.2484 131.794 -0.601185 0.14293
24 -38.8381 67.7287 -0.720275 0.207146
25 -46.3054 79.9272 -0.661683 0.182209
26 -47.4294 82.0169 -0.730881 0.184437
27 -30.7187 54.2883 -0.780982 0.226337
28 -24.8646 43.5895 -0.788046 0.251714
29 -20.9977 37.6603 -0.859852 0.271456
30 -18.7364 33.2281 -0.914634 0.289458
31 -15.973 28.6135 -0.883073 0.308064
