26 0.614985
30 0.625345
34.5 0.625739
40 0.622982
46 0.62207
52.5 0.621092
60 0.620305
69 0.619497
79 0.61976
90.5 0.618989
105.5 0.61882
123.5 0.619064
143 0.620521
163.5 0.621455
185 0.620727
208 0.61977
232.5 0.618634
258.5 0.617833
286 0.616317
315 0.613723
346 0.610189
378.5 0.605467
412.5 0.601364
449 0.595813
487.5 0.589598
527.5 0.583739
570 0.577018
615 0.569237
662 0.561938
711.5 0.553822
763.5 0.544215
818 0.536179
875.5 0.527165
936 0.518144
999.5 0.508185
1066.5 0.497152
1136.5 0.487553
1210 0.478092
1287.5 0.469053
1368.5 0.45826
1453.5 0.447396
1542.5 0.437567
1636 0.427091
1734 0.414693
1837 0.4062
1945 0.392948
2058 0.385621
2177 0.3733
2302 0.360769
2433 0.3524
2570 0.342832
2713.5 0.330278
2864 0.320542
3022 0.310332
3188 0.301324
3361.5 0.279768
3543.5 0.272533
3734.5 0.264631
3934.5 0.248456
4144.5 0.233882
4364.5 0.270164
4595 0.247922
4837 0.129205
5090.5 0.188017
