17.263959669022924	0.9492640692640693
22.375198641021385	0.9589610389610389
27.495753191955686	0.9627705627705627
32.03682393555809	0.9728138528138528
37.35547153268669	0.9714285714285714
42.28670064113099	0.9748917748917749
47.40752917968105	0.9785281385281386
52.7209710121102	0.9804329004329004
57.07710011507477	0.9873593073593073
62.39821360074522	0.9844155844155844
67.32423694449007	0.9911688311688311
72.45273713628139	0.9899567099567099
77.58123732807273	0.9887445887445888
82.13628144007887	0.98995670995671
87.25437010247126	0.9953246753246753
92.38561017042022	0.9923809523809525
97.5078086470491	0.9951515151515151
102.62397939613123	1.0017316017316018
107.19381883938848	0.9935930735930737
112.32040111786944	0.9935930735930737
117.62644528467305	1.0001731601731603
122.53931722286151	1.015238095238095
127.12504794783274	0.9970562770562771
132.23409501890512	1.008138528138528
137.35985533453888	1.0086580086580086
142.48534166255683	1.0093506493506494
147.62233547043675	1.0027705627705628
