17.34597156398093	0.9539655172413792
22.464454976303195	0.9596551724137931
27.582938388625486	0.9574137931034483
32.322274881516485	0.9596551724137931
37.251184834123116	0.9686206896551723
42.559241706161025	0.9668965517241379
47.29857819905204	0.9691379310344828
52.60663507108992	0.9708620689655172
57.3459715639809	0.975
62.27488151658758	0.9748275862068965
67.39336492890988	0.9768965517241379
72.51184834123214	0.9793103448275862
77.63033175355443	0.9810344827586206
82.18009478672977	0.9820689655172413
87.29857819905206	0.9834482758620688
92.41706161137438	0.9858620689655172
97.53554502369664	0.9846551724137931
102.6540284360189	0.9829310344827586
107.2037914691943	0.9879310344827585
112.51184834123214	0.9862068965517241
117.44075829383885	0.9886206896551724
122.55924170616112	0.989655172413793
127.29857819905203	0.9870689655172413
132.22748815165878	0.9920689655172412
137.345971563981	0.9920689655172413
142.4644549763033	0.9917241379310344
147.5829383886256	0.992758620689655
