0 0.862242 0.656306 0.528689
1 0.835476 0.668958 0.485465
2 0.876279 0.645132 0.591264
3 0.858359 0.659566 0.541698
4 0.866893 0.684522 0.561105
5 0.833966 0.690375 0.505792
6 0.812063 0.716396 0.459975
7 0.817093 0.718477 0.492779
8 0.859993 0.728225 0.52433
9 0.892218 0.765952 0.582846
10 0.900858 0.761251 0.619088
11 1 0.801657 0.654521
12 1 0.859987 0.598765
13 0.987008 0.809512 0.628576
14 0.858787 0.765615 0.629836
15 0.833717 0.720641 0.652349
16 0.816918 0.768191 0.645693
17 0.791421 0.738678 0.639992
18 0.813741 0.732612 0.671606
19 0.846186 0.775951 0.688308
20 0.855849 0.762518 0.732186
21 0.83721 0.784119 0.714172
22 0.851666 0.787604 0.722316
23 0.880135 0.76073 0.776075
24 0.911449 0.794675 0.783164
25 0.885653 0.803007 0.788771
26 0.893456 0.802944 0.790948
27 1 0.784179 0.850331
28 1 0.802552 0.850917
29 1 0.8511 0.843753
30 1 0.855975 0.847773
31 1 0.863116 0.851692
