0 0.836432 0.858121 0.332568
1 0.812314 0.876456 0.2834
2 0.834568 0.877753 0.348576
3 0.830368 0.903593 0.334632
4 0.83148 0.893048 0.354658
5 0.81964 0.911315 0.353765
6 0.812938 0.926256 0.354047
7 0.803059 0.950405 0.367011
8 0.85805 0.972468 0.45448
9 0.888457 0.974774 0.5189
10 0.90037 0.988563 0.570439
11 1 0.987822 0.634154
12 1 1.01552 0.589229
13 1 0.985222 0.628626
14 0.854049 1.01579 0.563481
15 0.80554 1.00768 0.474494
16 0.787491 1.00921 0.493068
17 0.774081 1.02141 0.516892
18 0.787426 1.02104 0.52901
19 0.805527 1.02155 0.567152
20 0.80657 1.0295 0.606783
21 0.819219 1.03225 0.627704
22 0.83602 1.02709 0.649606
23 0.825226 1.02221 0.666746
24 0.855612 1.02152 0.690408
25 0.834501 1.04834 0.697311
26 0.876586 1.02748 0.730831
27 0.878961 1.01887 0.740743
28 0.959859 1.0412 0.788124
29 1 1.03455 0.810736
30 1 1.04715 0.819096
31 1 1.04229 0.827214
