0 0.823733 1.34777 -2.34471
1 0.810994 1.9469 -2.59605
2 0.814421 1.96729 -2.60666
3 0.814585 1.60131 -2.0648
4 0.805828 1.43164 -1.63289
5 0.798472 1.99667 -2.30278
6 0.786109 1.97216 -2.23036
7 0.782195 1.62681 -1.8728
8 0.808764 1.41331 -1.4062
9 0.810269 0.982261 -0.612012
10 0.807408 1.02018 -0.399238
11 0.884288 0.866284 0.254706
12 0.924035 0.881854 0.283914
13 0.911809 0.86341 0.302656
14 0.770269 0.809294 -0.0501709
15 0.752055 0.692966 0.254566
16 0.74108 0.675101 0.376143
17 0.713646 0.698564 0.279139
18 0.726283 0.633088 0.432847
19 0.743482 0.617156 0.509901
20 0.708702 0.811351 0.348887
21 0.730678 0.748061 0.532554
22 0.756626 0.665151 0.615279
23 0.774999 0.586717 0.725742
24 0.827873 0.652261 0.762124
25 0.757672 0.694091 0.699615
26 0.764741 0.681657 0.721356
27 0.95631 0.674357 0.869047
28 0.858459 0.719744 0.818713
29 0.918614 0.79609 0.836333
30 0.94696 0.803586 0.851111
31 0.87036 0.818951 0.826293
