0 0.822506 3.52553 -2.94879
1 0.812893 4.37602 -3.55282
2 0.818323 4.64685 -3.70741
3 0.812804 3.50995 -2.90102
4 0.806158 3.71462 -3.03158
5 0.79913 3.45286 -2.80311
6 0.792804 3.02194 -2.40044
7 0.774489 3.12402 -2.47591
8 0.800952 2.24678 -1.55752
9 0.794129 2.21421 -1.42287
10 0.794018 1.82393 -0.935459
11 0.876406 1.19412 0.0411741
12 0.90948 1.27162 0.0125828
13 0.89152 1.30335 0.0159607
14 0.771733 1.54969 -0.35037
15 0.731166 2.22291 -1.20377
16 0.71722 1.71393 -0.597006
17 0.699545 2.00432 -1.00536
18 0.699556 1.86898 -0.763125
19 0.705317 1.50316 -0.349243
20 0.693087 1.61502 -0.429272
21 0.681487 1.42705 -0.193888
22 0.707124 1.24625 0.174338
23 0.681316 1.2012 0.154039
24 0.7024 1.18246 0.316479
25 0.675002 1.11854 0.345657
26 0.692144 0.975135 0.470717
27 0.685923 1.02506 0.464098
28 0.689911 1.03604 0.521858
29 0.690302 1.07904 0.549674
30 0.69924 0.935002 0.631557
31 0.659514 1.11965 0.533861
