17.40688724327871	0.9416138328530259
22.544413234596682	0.9485302593659942
27.673457848466036	0.9500864553314121
32.252033706635494	0.9637463976945245
37.562743953598634	0.9601152737752162
42.51067012001604	0.9672046109510086
47.641629883631815	0.969971181556196
52.771221683143004	0.9718731988472622
57.338033050012776	0.9780979827089337
62.46434173567285	0.9779250720461095
67.59967898442343	0.9834582132564841
72.72106299930687	0.9801729106628242
77.8498340203553	0.9815561959654179
82.40980556670195	0.9834582132564841
87.54295407288512	0.987608069164265
92.66871557290332	0.9870893371757925
97.79557144420528	0.9872622478386166
102.93939007040456	0.9981556195965418
107.47446467004707	0.9843227665706052
112.60077335570716	0.984149855907781
117.74322401780177	0.9941786743515849
122.89333527888226	1.0090489913544667
127.42020209389705	0.990028818443804
132.7500638383249	0.9985014409221902
137.69662204063766	1.0047262247838615
142.8267610257907	1.0069740634005764
147.95224893298803	1.0062824207492795
