17.53554502369662	0.8778041074249605
22.464454976303266	0.8785939968404424
27.58293838862553	0.8884676145339653
32.13270142180085	0.8963665086887835
37.25118483412316	0.8999210110584519
42.55924170616107	0.908609794628752
47.4881516587677	0.9129541864139021
52.606635071089975	0.9165086887835704
57.15639810426533	0.9220379146919432
62.27488151658762	0.9263823064770933
67.3933649289099	0.9244075829383887
72.51184834123217	0.9271721958925752
77.6303317535544	0.9240126382306477
82.36966824644537	0.9279620853080569
87.48815165876766	0.9350710900473934
92.60663507108993	0.9315165876777252
97.53554502369656	0.9362559241706161
102.65402843601885	0.9378357030015798
107.39336492890985	0.9358609794628753
112.51184834123211	0.9358609794628753
117.44075829383877	0.9421800947867299
122.559241706161	0.9571879936808848
127.29857819905197	0.9449447077409163
132.4170616113743	0.9402053712480254
137.53554502369653	0.9473143759873619
142.65402843601885	0.9484992101105847
147.58293838862548	0.9678515007898895
