0 0.918117 0.819386 0.457184
1 0.894343 0.813158 0.406149
2 0.913058 0.825164 0.457127
3 0.907664 0.824569 0.453783
4 0.906189 0.829962 0.472176
5 0.902029 0.83386 0.467796
6 0.900859 0.847556 0.483709
7 0.897573 0.858025 0.513842
8 0.931083 0.877841 0.551964
9 0.977939 0.887427 0.625196
10 1 0.899341 0.668672
11 1 0.911995 0.623076
12 1 0.885438 0.560489
13 1 0.899469 0.622861
14 1 0.919959 0.694506
15 0.924898 0.896835 0.648835
16 0.922661 0.91385 0.660908
17 0.895303 0.899951 0.662528
18 0.909501 0.920307 0.675626
19 0.950888 0.922898 0.710655
20 0.936755 0.942304 0.708487
21 1 0.944774 0.761775
22 1 0.949093 0.757948
23 1 0.946169 0.775082
24 1 0.975874 0.76659
25 1 0.965649 0.783454
26 1 0.941973 0.799302
27 1 0.964668 0.797684
28 1 0.960582 0.808284
29 1 0.959581 0.83054
30 1 0.973182 0.850505
31 1 0.972764 0.865157
