0 0.900905 0.732062 0.476788
1 0.886374 0.727728 0.46907
2 0.90269 0.735718 0.490203
3 0.900833 0.738348 0.499145
4 0.901715 0.751246 0.517168
5 0.885208 0.742338 0.493334
6 0.870484 0.738231 0.479023
7 0.862425 0.751501 0.504544
8 0.91056 0.772494 0.551336
9 0.926433 0.7946 0.592141
10 0.951961 0.822069 0.644942
11 1 0.815229 0.623012
12 1 0.788729 0.550613
13 1 0.816715 0.589114
14 0.980883 0.84604 0.700388
15 0.907236 0.830914 0.670109
16 0.866909 0.826501 0.645749
17 0.828498 0.813405 0.625069
18 0.83295 0.821972 0.637375
19 0.840903 0.820417 0.637585
20 0.830503 0.819659 0.653425
21 0.835283 0.831398 0.672698
22 0.844452 0.832431 0.677912
23 0.81496 0.837863 0.675022
24 0.850983 0.844683 0.706567
25 0.807718 0.841214 0.694077
26 0.819031 0.84948 0.705462
27 0.815938 0.849707 0.712333
28 0.836111 0.861787 0.741341
29 0.859722 0.876022 0.766766
30 0.861131 0.880927 0.776771
31 0.85083 0.883224 0.77897
