18.864353312302775	0.9314237644584646
26.435331230283914	0.9490861081902091
33.62776025236591	0.9672653347353661
41.19873817034699	0.981298048837481
48.95899053627759	0.9917019511625189
55.96214511041007	1.0021025820773453
63.722397476340696	1.0083583362542352
71.29337539432177	1.0151317910970907
79.05362776025237	1.0162023600887953
86.05678233438485	1.0245289169295477
93.81703470031545	1.0255994859212523
101.38801261829653	1.0349655333567005
108.58044164037852	1.0287743895314871
116.1514195583596	1.0334737703002685
123.72239747634069	1.0475064844023834
130.9148264984227	1.0356116368734662
138.6750788643533	1.0569044280873932
146.2460567823344	1.0522704755228411
