18.864353312302832	0.9646089496436498
26.4353312302839	0.9843453674494683
33.62776025236591	0.9999320014020328
41.19873817034699	1.012409159948592
48.95899053627759	1.0264426919032597
56.15141955835961	1.0321774740039724
63.722397476340696	1.0358398177357167
71.29337539432177	1.0358725318378315
79.05362776025237	1.0452393971258322
86.05678233438482	1.0473437317443626
93.81703470031545	1.0499698562916226
101.38801261829653	1.054669237060404
108.58044164037855	1.0557373524944502
116.1514195583596	1.0557700665965648
123.72239747634069	1.0578768547727537
130.9148264984227	1.0625745998364293
138.67507886435334	1.06157109475406
146.2460567823344	1.0652334384858042
