0 0.847435 0.734348 0.442908
1 0.822632 0.750845 0.383657
2 0.842629 0.752434 0.440905
3 0.838845 0.759176 0.438263
4 0.839197 0.775737 0.449451
5 0.830098 0.765203 0.46619
6 0.806772 0.758731 0.399872
7 0.79673 0.771803 0.412971
8 0.843158 0.789465 0.466238
9 0.861288 0.802967 0.510634
10 0.868608 0.831756 0.54875
11 0.986282 0.837423 0.626934
12 1 0.837634 0.606542
13 0.968125 0.818877 0.611415
14 0.833732 0.836848 0.551034
15 0.793056 0.826622 0.541808
16 0.785809 0.823865 0.565755
17 0.766705 0.827388 0.548159
18 0.77447 0.834569 0.559662
19 0.789832 0.840919 0.587325
20 0.778975 0.847289 0.598336
21 0.775331 0.826051 0.621866
22 0.814237 0.86262 0.656863
23 0.79084 0.832672 0.672785
24 0.8471 0.850205 0.717218
25 0.807963 0.850922 0.713234
26 0.850873 0.842701 0.753984
27 0.861086 0.838132 0.768638
28 0.912877 0.854657 0.803654
29 0.897045 0.893337 0.796133
30 0.852648 0.892716 0.778949
31 0.848007 0.914506 0.778625
