0 0.797926 2.72782 -1.66259
1 0.789137 2.77609 -1.73597
2 0.7933 2.59726 -1.59521
3 0.789276 2.70361 -1.60873
4 0.781929 2.46835 -1.47604
5 0.773542 2.487 -1.42649
6 0.762494 2.5467 -1.43932
7 0.746613 2.47935 -1.3441
8 0.774376 2.08206 -0.992786
9 0.78545 1.87475 -0.679358
10 0.789941 1.56637 -0.272905
11 0.871975 1.32697 0.118855
12 0.896878 1.40192 0.0634329
13 0.891974 1.3543 0.1371
14 0.761789 1.65538 -0.216312
15 0.728356 1.65657 -0.225436
16 0.714133 1.64613 -0.225164
17 0.686727 1.73468 -0.312475
18 0.685593 1.73488 -0.279157
19 0.690862 1.61988 -0.113617
20 0.677435 1.60578 -0.0929344
21 0.678874 1.47547 0.0831716
22 0.699317 1.39671 0.232813
23 0.677591 1.39937 0.23917
24 0.701948 1.29965 0.368007
25 0.670438 1.33469 0.337561
26 0.680618 1.2944 0.400023
27 0.676061 1.28334 0.430201
28 0.687052 1.24476 0.504289
29 0.710137 1.21083 0.582207
30 0.707464 1.20276 0.599489
31 0.723966 1.19201 0.642217
