0 0.81782 2.39735 -2.28225
1 0.808423 2.22588 -2.05185
2 0.813395 2.21865 -2.04901
3 0.80822 2.20866 -2.00896
4 0.802207 2.04033 -1.77255
5 0.791311 2.27537 -2.04119
6 0.784237 2.01856 -1.64479
7 0.771821 2.11517 -1.71898
8 0.795281 1.79001 -1.19598
9 0.799708 1.71113 -0.956757
10 0.796793 1.51525 -0.524727
11 0.875361 1.25693 -0.005628
12 0.906721 1.28994 -0.00107515
13 0.888806 1.28602 0.0349906
14 0.770242 1.46238 -0.312063
15 0.733807 1.49584 -0.412866
16 0.716567 1.49825 -0.401074
17 0.698403 1.50674 -0.450542
18 0.697938 1.46829 -0.316187
19 0.707282 1.35866 -0.0968763
20 0.69329 1.33268 -0.0527146
21 0.691605 1.27704 0.113181
22 0.704159 1.22637 0.243061
23 0.684224 1.21717 0.247778
24 0.700408 1.18474 0.344535
25 0.677958 1.16986 0.367125
26 0.683771 1.13358 0.419396
27 0.676823 1.14142 0.438307
28 0.693387 1.10896 0.538945
29 0.698672 1.10115 0.582812
30 0.679426 1.12908 0.567046
31 0.676631 1.11128 0.589528
