14.970164964603383
20.904591812498868
27.804094846854714
36.98075988217455
48.845184262568566
64.06879054208491
84.03714682413809
114.13052438640645
152.85865369541187
196.3592476879308
272.298542795151
330.85481715650633
396.4489858056453
468.4841088502344
549.7702929635338
691.6384901855702
852.1451865375861
1035.394229394719
1258.0499511119392
1604.863376650341
2018.998292536303
2522.392630082895
3129.451879508045
3882.610878796678

14.970
20.905
27.804
36.981
48.845
64.069
84.037
114.131
152.859
196.359
272.299
330.855
396.449
468.484
549.770
691.638
852.145
1035.394
1258.050
1604.863
2018.998
2522.393
3129.452
3882.611
