98.65466974037014 0.6095541401273885
132.90135589851744 0.6082802547770703
174.25147804788799 0.6082802547770703
233.1562484720027 0.6095541401273885
299.55087204489354 0.6070063694267516
359.651895006429 0.6006369426751592
428.8969335171292 0.5942675159235669
504.5929477465646 0.5828025477707007
614.0946221409358 0.5662420382165606
762.6985859023436 0.5433121019108281
934.5192145605364 0.5165605095541402
1137.3191530160527 0.4872611464968153
1403.003723190572 0.45414012738853504
1778.279410038921 0.41082802547770714
2223.6110498823327 0.367515923566879
2780.4663728579058 0.32547770700636947
3453.307836070002 0.2757961783439491
