0.9449468731321121 0.9391480730223125
0.6681924418205826 0.9407707910750508
0.38880889697095433 0.9359026369168358
0.19866947400696425 0.9326572008113592
0.09933892939131506 0.9326572008113592
0.059069150490034965 0.9342799188640974
0.03956747668946599 0.9359026369168358
0.030182532213942983 0.9342799188640974
0.020000000000000004 0.9302231237322517
0.015760037088826395 0.9229208924949291
0.012968737622927119 0.9196754563894525
0.01078801346681717 0.9131845841784991
0.009170475828838055 0.898580121703854
0.007795469220165389 0.888843813387424
0.00655525128615532 0.879107505070994
0.005394234385576219 0.8612576064908724
0.004635360450609428 0.8498985801217039
0.003855913537515111 0.8369168356997972
0.003071551729160817 0.8158215010141989
0.0026110081319360256 0.8028397565922922
0.0022195177116221434 0.7914807302231238
0.0017872794797713604 0.7914807302231238
0.0014867441733613812 0.7898580121703855
0.0012775854085615866 0.7914807302231238
0.001062756375624839 0.7995943204868154
