0.19030386432211094 0.4046322655954958
0.2121165002231136 0.4916984241425484
0.23642930125026623 0.5410116615740266
0.2683382720000064 0.5724589556081987
0.300179036551543 0.6033322758952177
0.3364058561697767 0.6205696776187044
0.3783708148882991 0.6657498998638149
0.42173969155364394 0.738183769927101
0.47434962215211457 0.8054276238541561
0.5335223801367852 0.851442533273824
1.0607735079504934 0.9052240938585568
1.9267275913907733 0.910383243288795
2.3508208498283194 0.9118383879998878
9.462677835540399 0.9083989550463957
295.78921048615916 0.5908728238658545
0.5987875022472587 0.869684210526316
0.6718506277268024 0.8814736842105264
0.7538288028438308 0.8957894736842107
0.8458098281751346 0.9000000000000001
0.9490142360424735 0.9025263157894738
1.1947381379082982 0.9075789473684212
1.5040862022524002 0.9101052631578949
1.6876124757881497 0.9101052631578949
1.34051823879147 0.909263157894737
2.1245782310305685 0.9101052631578949
2.674685524389082 0.9143157894736843
3.032621305919528 0.9151578947368423
3.3672295752114225 0.9134736842105264
3.3672295752114225 0.9134736842105264
3.7780937232585794 0.9151578947368423
4.239090879578544 0.9160000000000001
4.756338196350262 0.916842105263158
5.336699231206313 0.9134736842105264
5.987875022472587 0.9160000000000001
6.718506277268017 0.9134736842105264
7.538288028438304 0.9134736842105264
8.458098281751345 0.9101052631578949
10.648114862349344 0.9075789473684212
11.947381379082982 0.9033684210526317
13.405182387914742 0.8991578947368423
15.040862022523996 0.8949473684210527
16.876124757881488 0.8873684210526317
18.935323415445275 0.8831578947368423
23.838159828245185 0.869684210526316
21.245782310305696 0.8797894736842107
26.74685524389081 0.8621052631578949
30.01046517818875 0.8604210526315791
33.67229575211422 0.8477894736842106
37.3875728896543 0.8393684210526318
42.3909087957854 0.8267368421052633
47.563381963502664 0.8149473684210528
59.87875022472581 0.7938947368421054
53.36699231206307 0.8065263157894738
67.18506277268024 0.7745263157894738
74.59801523487941 0.7686315789473686
93.91333704859804 0.741684210526316
84.58098281751337 0.7475789473684211
105.37249727360735 0.7307368421052634
118.22988651687085 0.701263157894737
132.6561145219558 0.6936842105263159
168.76124757881487 0.6667368421052633
148.84260856962916 0.6591578947368423
187.3817422860383 0.6482105263157896
212.45782310305697 0.6414736842105264
264.68374615585446 0.637263157894737
235.89963707015957 0.6263157894736844
