0 0.79924 2.34464 -1.62568
1 0.787822 2.73343 -1.88518
2 0.791676 2.89465 -1.86125
3 0.791623 2.64124 -1.6772
4 0.785796 2.02675 -1.249
5 0.770667 2.4019 -1.40369
6 0.761966 2.45091 -1.48158
7 0.753289 2.19307 -1.21278
8 0.790039 1.70152 -0.668189
9 0.795449 1.49121 -0.356575
10 0.791992 1.47262 -0.228444
11 0.873834 1.27314 0.156604
12 0.910788 1.33461 0.169067
13 0.905849 1.24061 0.226445
14 0.761155 1.63064 -0.178961
15 0.733871 1.6817 -0.250205
16 0.716157 1.51151 -0.113269
17 0.693255 1.47655 -0.0737748
18 0.685794 1.6507 -0.18217
19 0.695616 1.47537 0.000901184
20 0.683344 1.46485 0.0405993
21 0.68812 1.34041 0.205463
22 0.707206 1.32793 0.274739
23 0.684644 1.2408 0.320727
24 0.703394 1.26224 0.358539
25 0.670546 1.30783 0.355592
26 0.677796 1.25103 0.407835
27 0.689299 1.24209 0.463669
28 0.68385 1.22146 0.502855
29 0.710535 1.24201 0.573796
30 0.695671 1.23061 0.577475
31 0.691886 1.22906 0.580714
