0 2659 69.3695 18.2673 5.55104 1.60666 -2658.05
1 4969.99 77.2245 19.5899 5.89242 1.62996 -4969.04
2 6939.34 95.1989 23.7115 6.47245 1.74351 -6938.39
3 1950.12 44.3761 12.3565 3.50814 1.03612 -1949.18
4 10333.4 61.5275 15.258 6.1528 1.6034 -10332.4
5 6927.43 203.57 49.6836 8.91212 2.4113 -6926.48
6 1592.98 63.7851 17.9017 5.5391 1.65388 -1592.04
7 4794.94 143.181 36.6187 8.42552 2.32751 -4794
8 3644.49 104.219 27.6207 8.1575 2.27617 -3643.55
9 5178.59 10.7986 2.95173 181.742 46.7111 -5177.65
10 4042.73 14.4874 4.03015 259.813 67.7165 -4041.79
11 3604.84 315.094 85.7567 10.3216 2.84546 -3603.89
12 37.6002 234.059 100 3.96091 1.86673 -36.6722
13 2460.64 361.215 94.2267 6.80365 1.948 -2459.92
14 57.9966 8.5911 3.74904 265.686 100 -57.1113
15 11648 222.579 52.5827 13.1345 3.42327 -11647.1
16 21412.9 375.375 86.9451 16.832 4.22013 -21411.9
17 17701.5 341.764 80.83 17.5891 4.45543 -17700.5
18 495.355 343.642 100 15.6636 5.23266 -494.378
19 4629.89 393.58 100 20.1904 5.55952 -4628.92
20 1930.28 371.382 100 16.535 4.87616 -1929.31
21 4587.63 351.051 90.2009 20.052 5.50727 -4586.67
22 1442.63 361.699 100 17.4052 5.2418 -1441.66
23 12904.9 412.917 99.9999 18.5311 4.78193 -12903.9
24 218.665 314.055 100 15.5644 5.61015 -217.703
25 1229.53 365.168 100 11.1133 3.40395 -1228.57
26 7.94517 217.6 100 2.15107 1.55323 -6.98257
27 4.69568 200.07 100 1.46742 1.35025 -3.7352
28 16.0897 241.687 100 3.18013 1.8244 -15.1299
29 54.9205 275.311 100 6.33247 2.77021 -53.9608
30 118.309 301.5 100 8.11703 3.16106 -117.354
31 578.052 348.417 100 9.2159 3.02302 -577.101
