0 0.860797 0.632369 0.539393
1 0.850693 0.630273 0.541471
2 0.845489 0.650259 0.518831
3 0.856089 0.649128 0.559122
4 0.839919 0.686964 0.512569
5 0.821092 0.693096 0.473706
6 0.802175 0.719734 0.427311
7 0.780728 0.781769 0.37995
8 0.818153 0.805275 0.418298
9 0.843768 0.840645 0.486545
10 0.864473 0.873748 0.556819
11 0.979511 0.877904 0.62851
12 0.990021 0.88364 0.592402
13 1 0.878883 0.630325
14 0.830045 0.89526 0.550935
15 0.774484 0.882901 0.498146
16 0.758813 0.884565 0.501162
17 0.727154 0.877421 0.451664
18 0.72633 0.870825 0.459533
19 0.750314 0.865985 0.503125
20 0.73146 0.865857 0.501728
21 0.742131 0.872904 0.5473
22 0.764877 0.869004 0.60271
23 0.735219 0.864225 0.577661
24 0.756235 0.880723 0.608848
25 0.730606 0.868549 0.616116
26 0.736399 0.872302 0.627813
27 0.727449 0.872778 0.636553
28 0.720124 0.875514 0.639329
29 0.740443 0.875647 0.687514
30 0.719407 0.87 0.681063
31 0.73195 0.890053 0.707342
