0 1.066 1.086 0.592
1 1.066 1.086 0.592
2 1.066 1.086 0.592
3 1.066 1.086 0.592
4 1.066 1.086 0.592
5 1.066 1.086 0.592
6 1.066 1.086 0.592
7 1.066 1.086 0.592
8 1.066 1.086 0.592
9 1.066 1.086 0.592
10 1.066 1.086 0.592
11 1.066 1.086 0.592
12 1.066 1.086 0.592
13 1.066 1.086 0.592
14 1.066 1.086 0.592
15 1.066 1.086 0.592
16 1.066 1.086 0.592
17 1.066 1.086 0.592
18 1.066 1.086 0.592
19 1.066 1.086 0.592
20 1.066 1.086 0.592
21 1.066 1.086 0.592
22 1.066 1.086 0.592
23 1.066 1.086 0.592
24 1.066 1.086 0.592
25 1.066 1.086 0.592
26 1.066 1.086 0.592
27 1.066 1.086 0.592
28 1.066 1.086 0.592
29 1.066 1.086 0.592
30 1.066 1.086 0.592
31 1.066 1.086 0.592
32 1.066 1.086 0.592
33 1.066 1.086 0.592
34 1.066 1.086 0.592
35 1.066 1.086 0.592
36 1.066 1.086 0.592
37 1.066 1.086 0.592
38 1.066 1.086 0.592
39 1.066 1.086 0.592
40 1.066 1.086 0.592
41 1.066 1.086 0.592
42 1.066 1.086 0.592
43 1.066 1.086 0.592
44 1.066 1.086 0.592
45 1.066 1.086 0.592
46 1.066 1.086 0.592
47 1.066 1.086 0.592
48 1.066 1.086 0.592
49 1.066 1.086 0.592
50 1.066 1.086 0.592
51 1.066 1.086 0.592
52 1.066 1.086 0.592
