0 1.064 1.402 0.229
1 1.064 1.402 0.229
2 1.064 1.402 0.229
3 1.064 1.402 0.229
4 1.064 1.402 0.229
5 1.064 1.402 0.229
6 1.064 1.402 0.229
7 1.064 1.402 0.229
8 1.064 1.402 0.229
9 1.064 1.402 0.229
10 1.064 1.402 0.229
11 1.064 1.402 0.229
12 1.064 1.402 0.229
13 1.064 1.402 0.229
14 1.064 1.402 0.229
15 1.064 1.402 0.229
16 1.064 1.402 0.229
17 1.064 1.402 0.229
18 1.064 1.402 0.229
19 1.064 1.402 0.229
20 1.064 1.402 0.229
21 1.064 1.402 0.229
22 1.064 1.402 0.229
23 1.064 1.402 0.229
24 1.064 1.402 0.229
25 1.064 1.402 0.229
26 1.064 1.402 0.229
27 1.064 1.402 0.229
28 1.064 1.402 0.229
29 1.064 1.402 0.229
30 1.064 1.402 0.229
31 1.064 1.402 0.229
32 1.064 1.402 0.229
33 1.064 1.402 0.229
34 1.064 1.402 0.229
35 1.064 1.402 0.229
36 1.064 1.402 0.229
37 1.064 1.402 0.229
38 1.064 1.402 0.229
39 1.064 1.402 0.229
40 1.064 1.402 0.229
41 1.064 1.402 0.229
42 1.064 1.402 0.229
43 1.064 1.402 0.229
44 1.064 1.402 0.229
45 1.064 1.402 0.229
46 1.064 1.402 0.229
47 1.064 1.402 0.229
48 1.064 1.402 0.229
49 1.064 1.402 0.229
50 1.064 1.402 0.229
51 1.064 1.402 0.229
52 1.064 1.402 0.229
