0 1.135 1.061 0.691
1 1.135 1.061 0.691
2 1.135 1.061 0.691
3 1.135 1.061 0.691
4 1.135 1.061 0.691
5 1.135 1.061 0.691
6 1.135 1.061 0.691
7 1.135 1.061 0.691
8 1.135 1.061 0.691
9 1.135 1.061 0.691
10 1.135 1.061 0.691
11 1.135 1.061 0.691
12 1.135 1.061 0.691
13 1.135 1.061 0.691
14 1.135 1.061 0.691
15 1.135 1.061 0.691
16 1.135 1.061 0.691
17 1.135 1.061 0.691
18 1.135 1.061 0.691
19 1.135 1.061 0.691
20 1.135 1.061 0.691
21 1.135 1.061 0.691
22 1.135 1.061 0.691
23 1.135 1.061 0.691
24 1.135 1.061 0.691
25 1.135 1.061 0.691
26 1.135 1.061 0.691
27 1.135 1.061 0.691
28 1.135 1.061 0.691
29 1.135 1.061 0.691
30 1.135 1.061 0.691
31 1.135 1.061 0.691
32 1.135 1.061 0.691
33 1.135 1.061 0.691
34 1.135 1.061 0.691
35 1.135 1.061 0.691
36 1.135 1.061 0.691
37 1.135 1.061 0.691
38 1.135 1.061 0.691
39 1.135 1.061 0.691
40 1.135 1.061 0.691
41 1.135 1.061 0.691
42 1.135 1.061 0.691
43 1.135 1.061 0.691
44 1.135 1.061 0.691
45 1.135 1.061 0.691
46 1.135 1.061 0.691
47 1.135 1.061 0.691
48 1.135 1.061 0.691
49 1.135 1.061 0.691
50 1.135 1.061 0.691
51 1.135 1.061 0.691
52 1.135 1.061 0.691
