0 1.098 1.091 0.449
1 1.098 1.091 0.449
2 1.098 1.091 0.449
3 1.098 1.091 0.449
4 1.098 1.091 0.449
5 1.098 1.091 0.449
6 1.098 1.091 0.449
7 1.098 1.091 0.449
8 1.098 1.091 0.449
9 1.098 1.091 0.449
10 1.098 1.091 0.449
11 1.098 1.091 0.449
12 1.098 1.091 0.449
13 1.098 1.091 0.449
14 1.098 1.091 0.449
15 1.098 1.091 0.449
16 1.098 1.091 0.449
17 1.098 1.091 0.449
18 1.098 1.091 0.449
19 1.098 1.091 0.449
20 1.098 1.091 0.449
21 1.098 1.091 0.449
22 1.098 1.091 0.449
23 1.098 1.091 0.449
24 1.098 1.091 0.449
25 1.098 1.091 0.449
26 1.098 1.091 0.449
27 1.098 1.091 0.449
28 1.098 1.091 0.449
29 1.098 1.091 0.449
30 1.098 1.091 0.449
31 1.098 1.091 0.449
32 1.098 1.091 0.449
33 1.098 1.091 0.449
34 1.098 1.091 0.449
35 1.098 1.091 0.449
36 1.098 1.091 0.449
37 1.098 1.091 0.449
38 1.098 1.091 0.449
39 1.098 1.091 0.449
40 1.098 1.091 0.449
41 1.098 1.091 0.449
42 1.098 1.091 0.449
43 1.098 1.091 0.449
44 1.098 1.091 0.449
45 1.098 1.091 0.449
46 1.098 1.091 0.449
47 1.098 1.091 0.449
48 1.098 1.091 0.449
49 1.098 1.091 0.449
50 1.098 1.091 0.449
51 1.098 1.091 0.449
52 1.098 1.091 0.449
