0 1.041 1.586 0.532
1 1.041 1.586 0.532
2 1.041 1.586 0.532
3 1.041 1.586 0.532
4 1.041 1.586 0.532
5 1.041 1.586 0.532
6 1.041 1.586 0.532
7 1.041 1.586 0.532
8 1.041 1.586 0.532
9 1.041 1.586 0.532
10 1.041 1.586 0.532
11 1.041 1.586 0.532
12 1.041 1.586 0.532
13 1.041 1.586 0.532
14 1.041 1.586 0.532
15 1.041 1.586 0.532
16 1.041 1.586 0.532
17 1.041 1.586 0.532
18 1.041 1.586 0.532
19 1.041 1.586 0.532
20 1.041 1.586 0.532
21 1.041 1.586 0.532
22 1.041 1.586 0.532
23 1.041 1.586 0.532
24 1.041 1.586 0.532
25 1.041 1.586 0.532
26 1.041 1.586 0.532
27 1.041 1.586 0.532
28 1.041 1.586 0.532
29 1.041 1.586 0.532
30 1.041 1.586 0.532
31 1.041 1.586 0.532
32 1.041 1.586 0.532
33 1.041 1.586 0.532
34 1.041 1.586 0.532
35 1.041 1.586 0.532
36 1.041 1.586 0.532
37 1.041 1.586 0.532
38 1.041 1.586 0.532
39 1.041 1.586 0.532
40 1.041 1.586 0.532
41 1.041 1.586 0.532
42 1.041 1.586 0.532
43 1.041 1.586 0.532
44 1.041 1.586 0.532
45 1.041 1.586 0.532
46 1.041 1.586 0.532
47 1.041 1.586 0.532
48 1.041 1.586 0.532
49 1.041 1.586 0.532
50 1.041 1.586 0.532
51 1.041 1.586 0.532
52 1.041 1.586 0.532
