0 0.935588 0.299488 3.92972 2.85453 2.26345e-05
1 0.935594 0.523257 4.17529 2.71143 1.29605e-05
2 0.928809 0.323032 4.04816 2.60768 0.000105303
3 0.941915 -0.496271 1.07223 10.6921 13.8898
4 0.930113 -0.39318 3.73424 2.57455 1.00012e-05
5 0.935861 4.79903 9.66852 -0.704241 0.437941
6 0.937074 5.68315 11.5458 -0.760942 0.426324
7 0.932906 -0.844413 0.336375 5.67141 12.9282
8 0.935304 -0.884043 0.307479 4.96387 14.4119
9 0.929257 -0.94292 0.328488 4.56276 16.0012
10 0.92018 2.64729 17.6103 -0.978835 0.288707
11 0.919876 5.17597 38.4893 -1.62554 1.29717
12 0.882751 8.89766 46.2002 -0.957796 0.30371
13 0.696293 -1.01785 0.677931 16.1391 27.3143
14 0.861668 21.8462 47.9298 -1.80712 0.923838
15 0.969569 -1.2557 0.657646 19.7537 22.1466
16 0.973023 22.9203 32.2526 -1.4139 0.782359
17 0.975369 -1.58128 0.929667 22.7668 34.5357
18 0.974222 -1.56043 1.09944 21.4196 33.8669
19 0.968064 20.176 35.1173 -1.61511 0.931312
20 0.968559 20.2955 36.1521 -1.6928 1.11028
21 0.961358 18.0882 35.3453 -1.66177 1.0807
22 0.964215 21.028 38.2394 -1.75656 1.13489
23 0.96536 23.868 40.1452 -1.75938 1.18185
24 0.960949 24.5302 39.451 -1.64526 1.13018
25 0.95654 31.7664 38.4315 -1.36663 0.773106
26 0.962981 -1.2424 0.758808 129.643 100
27 0.960675 -0.970845 0.302102 135.711 100
28 0.959324 82.2793 70.2658 -0.981568 0.331058
29 0.956487 34.1563 42.9014 -0.976996 0.297029
30 0.952198 34.8409 39.0397 -1.01014 0.327562
31 0.951817 -1.34833 0.708778 46.2445 44.6503
