0 1.033 1.351 0.509
1 1.033 1.351 0.509
2 1.033 1.351 0.509
3 1.033 1.351 0.509
4 1.033 1.351 0.509
5 1.033 1.351 0.509
6 1.033 1.351 0.509
7 1.033 1.351 0.509
8 1.033 1.351 0.509
9 1.033 1.351 0.509
10 1.033 1.351 0.509
11 1.033 1.351 0.509
12 1.033 1.351 0.509
13 1.033 1.351 0.509
14 1.033 1.351 0.509
15 1.033 1.351 0.509
16 1.033 1.351 0.509
17 1.033 1.351 0.509
18 1.033 1.351 0.509
19 1.033 1.351 0.509
20 1.033 1.351 0.509
21 1.033 1.351 0.509
22 1.033 1.351 0.509
23 1.033 1.351 0.509
24 1.033 1.351 0.509
25 1.033 1.351 0.509
26 1.033 1.351 0.509
27 1.033 1.351 0.509
28 1.033 1.351 0.509
29 1.033 1.351 0.509
30 1.033 1.351 0.509
31 1.033 1.351 0.509
32 1.033 1.351 0.509
33 1.033 1.351 0.509
34 1.033 1.351 0.509
35 1.033 1.351 0.509
36 1.033 1.351 0.509
37 1.033 1.351 0.509
38 1.033 1.351 0.509
39 1.033 1.351 0.509
40 1.033 1.351 0.509
41 1.033 1.351 0.509
42 1.033 1.351 0.509
43 1.033 1.351 0.509
44 1.033 1.351 0.509
45 1.033 1.351 0.509
46 1.033 1.351 0.509
47 1.033 1.351 0.509
48 1.033 1.351 0.509
49 1.033 1.351 0.509
50 1.033 1.351 0.509
51 1.033 1.351 0.509
52 1.033 1.351 0.509
