0 1.067 1.37 0.272
1 1.067 1.37 0.272
2 1.067 1.37 0.272
3 1.067 1.37 0.272
4 1.067 1.37 0.272
5 1.067 1.37 0.272
6 1.067 1.37 0.272
7 1.067 1.37 0.272
8 1.067 1.37 0.272
9 1.067 1.37 0.272
10 1.067 1.37 0.272
11 1.067 1.37 0.272
12 1.067 1.37 0.272
13 1.067 1.37 0.272
14 1.067 1.37 0.272
15 1.067 1.37 0.272
16 1.067 1.37 0.272
17 1.067 1.37 0.272
18 1.067 1.37 0.272
19 1.067 1.37 0.272
20 1.067 1.37 0.272
21 1.067 1.37 0.272
22 1.067 1.37 0.272
23 1.067 1.37 0.272
24 1.067 1.37 0.272
25 1.067 1.37 0.272
26 1.067 1.37 0.272
27 1.067 1.37 0.272
28 1.067 1.37 0.272
29 1.067 1.37 0.272
30 1.067 1.37 0.272
31 1.067 1.37 0.272
32 1.067 1.37 0.272
33 1.067 1.37 0.272
34 1.067 1.37 0.272
35 1.067 1.37 0.272
36 1.067 1.37 0.272
37 1.067 1.37 0.272
38 1.067 1.37 0.272
39 1.067 1.37 0.272
40 1.067 1.37 0.272
41 1.067 1.37 0.272
42 1.067 1.37 0.272
43 1.067 1.37 0.272
44 1.067 1.37 0.272
45 1.067 1.37 0.272
46 1.067 1.37 0.272
47 1.067 1.37 0.272
48 1.067 1.37 0.272
49 1.067 1.37 0.272
50 1.067 1.37 0.272
51 1.067 1.37 0.272
52 1.067 1.37 0.272
