0 1.035 1.426 0.57
1 1.035 1.426 0.57
2 1.035 1.426 0.57
3 1.035 1.426 0.57
4 1.035 1.426 0.57
5 1.035 1.426 0.57
6 1.035 1.426 0.57
7 1.035 1.426 0.57
8 1.035 1.426 0.57
9 1.035 1.426 0.57
10 1.035 1.426 0.57
11 1.035 1.426 0.57
12 1.035 1.426 0.57
13 1.035 1.426 0.57
14 1.035 1.426 0.57
15 1.035 1.426 0.57
16 1.035 1.426 0.57
17 1.035 1.426 0.57
18 1.035 1.426 0.57
19 1.035 1.426 0.57
20 1.035 1.426 0.57
21 1.035 1.426 0.57
22 1.035 1.426 0.57
23 1.035 1.426 0.57
24 1.035 1.426 0.57
25 1.035 1.426 0.57
26 1.035 1.426 0.57
27 1.035 1.426 0.57
28 1.035 1.426 0.57
29 1.035 1.426 0.57
30 1.035 1.426 0.57
31 1.035 1.426 0.57
32 1.035 1.426 0.57
33 1.035 1.426 0.57
34 1.035 1.426 0.57
35 1.035 1.426 0.57
36 1.035 1.426 0.57
37 1.035 1.426 0.57
38 1.035 1.426 0.57
39 1.035 1.426 0.57
40 1.035 1.426 0.57
41 1.035 1.426 0.57
42 1.035 1.426 0.57
43 1.035 1.426 0.57
44 1.035 1.426 0.57
45 1.035 1.426 0.57
46 1.035 1.426 0.57
47 1.035 1.426 0.57
48 1.035 1.426 0.57
49 1.035 1.426 0.57
50 1.035 1.426 0.57
51 1.035 1.426 0.57
52 1.035 1.426 0.57
