0 0.878605 0.56398 0.62083
1 0.848368 0.560442 0.575974
2 0.873756 0.547791 0.630722
3 0.851994 0.593079 0.556731
4 0.834876 0.60756 0.528241
5 0.814292 0.606957 0.48704
6 0.80218 0.678451 0.430221
7 0.773835 0.753125 0.342543
8 0.803279 0.835347 0.326763
9 0.82612 0.859809 0.413536
10 0.864318 0.89476 0.529982
11 0.943403 0.909157 0.542415
12 0.963529 0.943135 0.489727
13 0.949825 0.908861 0.506901
14 0.803979 0.976789 0.436683
15 0.775056 0.914825 0.474932
16 0.75358 0.972764 0.422509
17 0.74023 0.910044 0.477433
18 0.730468 0.91814 0.444735
19 0.754279 0.926871 0.487408
20 0.732376 0.925419 0.481114
21 0.749241 0.900848 0.553564
22 0.760623 0.91688 0.560446
23 0.741519 0.905937 0.574688
24 0.785588 0.877266 0.646326
25 0.750672 0.891488 0.636655
26 0.75065 0.895206 0.641735
27 0.774122 0.866196 0.691965
28 0.768441 0.886051 0.692597
29 0.827219 0.867423 0.760868
30 0.829429 0.8634 0.774519
31 0.766491 0.908055 0.72269
