0 1.055 1.455 0.566
1 1.055 1.455 0.566
2 1.055 1.455 0.566
3 1.055 1.455 0.566
4 1.055 1.455 0.566
5 1.055 1.455 0.566
6 1.055 1.455 0.566
7 1.055 1.455 0.566
8 1.055 1.455 0.566
9 1.055 1.455 0.566
10 1.055 1.455 0.566
11 1.055 1.455 0.566
12 1.055 1.455 0.566
13 1.055 1.455 0.566
14 1.055 1.455 0.566
15 1.055 1.455 0.566
16 1.055 1.455 0.566
17 1.055 1.455 0.566
18 1.055 1.455 0.566
19 1.055 1.455 0.566
20 1.055 1.455 0.566
21 1.055 1.455 0.566
22 1.055 1.455 0.566
23 1.055 1.455 0.566
24 1.055 1.455 0.566
25 1.055 1.455 0.566
26 1.055 1.455 0.566
27 1.055 1.455 0.566
28 1.055 1.455 0.566
29 1.055 1.455 0.566
30 1.055 1.455 0.566
31 1.055 1.455 0.566
32 1.055 1.455 0.566
33 1.055 1.455 0.566
34 1.055 1.455 0.566
35 1.055 1.455 0.566
36 1.055 1.455 0.566
37 1.055 1.455 0.566
38 1.055 1.455 0.566
39 1.055 1.455 0.566
40 1.055 1.455 0.566
41 1.055 1.455 0.566
42 1.055 1.455 0.566
43 1.055 1.455 0.566
44 1.055 1.455 0.566
45 1.055 1.455 0.566
46 1.055 1.455 0.566
47 1.055 1.455 0.566
48 1.055 1.455 0.566
49 1.055 1.455 0.566
50 1.055 1.455 0.566
51 1.055 1.455 0.566
52 1.055 1.455 0.566
