0 -46088 112488 -0.246325 0.00479363
1 -4.32653e+06 1.06523e+07 -0.227522 0.000480521
2 -1.41049e+07 3.41657e+07 -0.2335 0.000269325
3 -5.53921e+07 1.24982e+08 -0.208941 0.000140011
4 -5.00622e+08 1.06243e+09 -0.184559 4.7686e-05
5 -1.66531e+09 3.16109e+09 -0.0291663 2.50071e-05
6 -3.98643e+09 6.96331e+09 0.091851 1.57807e-05
7 -7.90225e+09 1.32421e+10 0.0869162 1.14906e-05
8 -2.46619e+10 4.07388e+10 0.101604 6.56942e-06
9 -3.54582e+10 5.83861e+10 -0.163937 5.80051e-06
10 -3.54679e+10 5.84087e+10 -0.290361 5.90403e-06
11 -2.92133e+10 4.81581e+10 -0.270259 7.93786e-06
12 -5.93461e+10 9.79281e+10 -0.240782 5.70734e-06
13 -6.15951e+10 9.42571e+10 -0.162647 6.01752e-06
14 -5.67347e+10 8.85446e+10 -0.310621 5.68538e-06
15 -5.91967e+10 9.06419e+10 -0.369599 5.81302e-06
16 -6.71757e+10 8.84234e+10 -0.214369 5.7562e-06
17 -9.36226e+10 1.27399e+11 -0.124105 4.43337e-06
18 -1.40946e+11 1.91021e+11 -0.0587697 3.48696e-06
19 -2.11752e+11 2.81868e+11 -0.0216599 2.87057e-06
20 -2.15894e+11 2.65874e+11 0.155016 2.73231e-06
21 -3.16969e+11 4.43806e+11 -0.187404 2.37977e-06
22 -4.25798e+11 6.33395e+11 -0.382301 2.19153e-06
23 -4.46568e+11 6.10653e+11 -0.231548 2.13824e-06
24 -2.61701e+11 4.37868e+11 -0.570536 2.7226e-06
25 -3.97645e+11 5.42069e+11 -0.306036 2.2692e-06
26 -3.98293e+11 5.54174e+11 -0.401803 2.31219e-06
27 -4.15898e+11 5.497e+11 -0.334709 2.3041e-06
28 -4.0694e+11 5.55049e+11 -0.445784 2.31774e-06
29 -4.26265e+11 5.54927e+11 -0.441344 2.32432e-06
30 -4.16368e+11 5.58457e+11 -0.543729 2.33153e-06
31 -4.35335e+11 5.47426e+11 -0.406186 2.30364e-06
