0 1.037 1.765 0.477
1 1.037 1.765 0.477
2 1.037 1.765 0.477
3 1.037 1.765 0.477
4 1.037 1.765 0.477
5 1.037 1.765 0.477
6 1.037 1.765 0.477
7 1.037 1.765 0.477
8 1.037 1.765 0.477
9 1.037 1.765 0.477
10 1.037 1.765 0.477
11 1.037 1.765 0.477
12 1.037 1.765 0.477
13 1.037 1.765 0.477
14 1.037 1.765 0.477
15 1.037 1.765 0.477
16 1.037 1.765 0.477
17 1.037 1.765 0.477
18 1.037 1.765 0.477
19 1.037 1.765 0.477
20 1.037 1.765 0.477
21 1.037 1.765 0.477
22 1.037 1.765 0.477
23 1.037 1.765 0.477
24 1.037 1.765 0.477
25 1.037 1.765 0.477
26 1.037 1.765 0.477
27 1.037 1.765 0.477
28 1.037 1.765 0.477
29 1.037 1.765 0.477
30 1.037 1.765 0.477
31 1.037 1.765 0.477
32 1.037 1.765 0.477
33 1.037 1.765 0.477
34 1.037 1.765 0.477
35 1.037 1.765 0.477
36 1.037 1.765 0.477
37 1.037 1.765 0.477
38 1.037 1.765 0.477
39 1.037 1.765 0.477
40 1.037 1.765 0.477
41 1.037 1.765 0.477
42 1.037 1.765 0.477
43 1.037 1.765 0.477
44 1.037 1.765 0.477
45 1.037 1.765 0.477
46 1.037 1.765 0.477
47 1.037 1.765 0.477
48 1.037 1.765 0.477
49 1.037 1.765 0.477
50 1.037 1.765 0.477
51 1.037 1.765 0.477
52 1.037 1.765 0.477
