0 1.04 1.757 0.545
1 1.04 1.757 0.545
2 1.04 1.757 0.545
3 1.04 1.757 0.545
4 1.04 1.757 0.545
5 1.04 1.757 0.545
6 1.04 1.757 0.545
7 1.04 1.757 0.545
8 1.04 1.757 0.545
9 1.04 1.757 0.545
10 1.04 1.757 0.545
11 1.04 1.757 0.545
12 1.04 1.757 0.545
13 1.04 1.757 0.545
14 1.04 1.757 0.545
15 1.04 1.757 0.545
16 1.04 1.757 0.545
17 1.04 1.757 0.545
18 1.04 1.757 0.545
19 1.04 1.757 0.545
20 1.04 1.757 0.545
21 1.04 1.757 0.545
22 1.04 1.757 0.545
23 1.04 1.757 0.545
24 1.04 1.757 0.545
25 1.04 1.757 0.545
26 1.04 1.757 0.545
27 1.04 1.757 0.545
28 1.04 1.757 0.545
29 1.04 1.757 0.545
30 1.04 1.757 0.545
31 1.04 1.757 0.545
32 1.04 1.757 0.545
33 1.04 1.757 0.545
34 1.04 1.757 0.545
35 1.04 1.757 0.545
36 1.04 1.757 0.545
37 1.04 1.757 0.545
38 1.04 1.757 0.545
39 1.04 1.757 0.545
40 1.04 1.757 0.545
41 1.04 1.757 0.545
42 1.04 1.757 0.545
43 1.04 1.757 0.545
44 1.04 1.757 0.545
45 1.04 1.757 0.545
46 1.04 1.757 0.545
47 1.04 1.757 0.545
48 1.04 1.757 0.545
49 1.04 1.757 0.545
50 1.04 1.757 0.545
51 1.04 1.757 0.545
52 1.04 1.757 0.545
