0 1.108 1.606 0.637
1 1.108 1.606 0.637
2 1.108 1.606 0.637
3 1.108 1.606 0.637
4 1.108 1.606 0.637
5 1.108 1.606 0.637
6 1.108 1.606 0.637
7 1.108 1.606 0.637
8 1.108 1.606 0.637
9 1.108 1.606 0.637
10 1.108 1.606 0.637
11 1.108 1.606 0.637
12 1.108 1.606 0.637
13 1.108 1.606 0.637
14 1.108 1.606 0.637
15 1.108 1.606 0.637
16 1.108 1.606 0.637
17 1.108 1.606 0.637
18 1.108 1.606 0.637
19 1.108 1.606 0.637
20 1.108 1.606 0.637
21 1.108 1.606 0.637
22 1.108 1.606 0.637
23 1.108 1.606 0.637
24 1.108 1.606 0.637
25 1.108 1.606 0.637
26 1.108 1.606 0.637
27 1.108 1.606 0.637
28 1.108 1.606 0.637
29 1.108 1.606 0.637
30 1.108 1.606 0.637
31 1.108 1.606 0.637
32 1.108 1.606 0.637
33 1.108 1.606 0.637
34 1.108 1.606 0.637
35 1.108 1.606 0.637
36 1.108 1.606 0.637
37 1.108 1.606 0.637
38 1.108 1.606 0.637
39 1.108 1.606 0.637
40 1.108 1.606 0.637
41 1.108 1.606 0.637
42 1.108 1.606 0.637
43 1.108 1.606 0.637
44 1.108 1.606 0.637
45 1.108 1.606 0.637
46 1.108 1.606 0.637
47 1.108 1.606 0.637
48 1.108 1.606 0.637
49 1.108 1.606 0.637
50 1.108 1.606 0.637
51 1.108 1.606 0.637
52 1.108 1.606 0.637
