0 1.044 1.293 0.543
1 1.044 1.293 0.543
2 1.044 1.293 0.543
3 1.044 1.293 0.543
4 1.044 1.293 0.543
5 1.044 1.293 0.543
6 1.044 1.293 0.543
7 1.044 1.293 0.543
8 1.044 1.293 0.543
9 1.044 1.293 0.543
10 1.044 1.293 0.543
11 1.044 1.293 0.543
12 1.044 1.293 0.543
13 1.044 1.293 0.543
14 1.044 1.293 0.543
15 1.044 1.293 0.543
16 1.044 1.293 0.543
17 1.044 1.293 0.543
18 1.044 1.293 0.543
19 1.044 1.293 0.543
20 1.044 1.293 0.543
21 1.044 1.293 0.543
22 1.044 1.293 0.543
23 1.044 1.293 0.543
24 1.044 1.293 0.543
25 1.044 1.293 0.543
26 1.044 1.293 0.543
27 1.044 1.293 0.543
28 1.044 1.293 0.543
29 1.044 1.293 0.543
30 1.044 1.293 0.543
31 1.044 1.293 0.543
32 1.044 1.293 0.543
33 1.044 1.293 0.543
34 1.044 1.293 0.543
35 1.044 1.293 0.543
36 1.044 1.293 0.543
37 1.044 1.293 0.543
38 1.044 1.293 0.543
39 1.044 1.293 0.543
40 1.044 1.293 0.543
41 1.044 1.293 0.543
42 1.044 1.293 0.543
43 1.044 1.293 0.543
44 1.044 1.293 0.543
45 1.044 1.293 0.543
46 1.044 1.293 0.543
47 1.044 1.293 0.543
48 1.044 1.293 0.543
49 1.044 1.293 0.543
50 1.044 1.293 0.543
51 1.044 1.293 0.543
52 1.044 1.293 0.543
