0 1.076 1.403 0.646
1 1.076 1.403 0.646
2 1.076 1.403 0.646
3 1.076 1.403 0.646
4 1.076 1.403 0.646
5 1.076 1.403 0.646
6 1.076 1.403 0.646
7 1.076 1.403 0.646
8 1.076 1.403 0.646
9 1.076 1.403 0.646
10 1.076 1.403 0.646
11 1.076 1.403 0.646
12 1.076 1.403 0.646
13 1.076 1.403 0.646
14 1.076 1.403 0.646
15 1.076 1.403 0.646
16 1.076 1.403 0.646
17 1.076 1.403 0.646
18 1.076 1.403 0.646
19 1.076 1.403 0.646
20 1.076 1.403 0.646
21 1.076 1.403 0.646
22 1.076 1.403 0.646
23 1.076 1.403 0.646
24 1.076 1.403 0.646
25 1.076 1.403 0.646
26 1.076 1.403 0.646
27 1.076 1.403 0.646
28 1.076 1.403 0.646
29 1.076 1.403 0.646
30 1.076 1.403 0.646
31 1.076 1.403 0.646
32 1.076 1.403 0.646
33 1.076 1.403 0.646
34 1.076 1.403 0.646
35 1.076 1.403 0.646
36 1.076 1.403 0.646
37 1.076 1.403 0.646
38 1.076 1.403 0.646
39 1.076 1.403 0.646
40 1.076 1.403 0.646
41 1.076 1.403 0.646
42 1.076 1.403 0.646
43 1.076 1.403 0.646
44 1.076 1.403 0.646
45 1.076 1.403 0.646
46 1.076 1.403 0.646
47 1.076 1.403 0.646
48 1.076 1.403 0.646
49 1.076 1.403 0.646
50 1.076 1.403 0.646
51 1.076 1.403 0.646
52 1.076 1.403 0.646
