0 1.123 1.345 0.421
1 1.123 1.345 0.421
2 1.123 1.345 0.421
3 1.123 1.345 0.421
4 1.123 1.345 0.421
5 1.123 1.345 0.421
6 1.123 1.345 0.421
7 1.123 1.345 0.421
8 1.123 1.345 0.421
9 1.123 1.345 0.421
10 1.123 1.345 0.421
11 1.123 1.345 0.421
12 1.123 1.345 0.421
13 1.123 1.345 0.421
14 1.123 1.345 0.421
15 1.123 1.345 0.421
16 1.123 1.345 0.421
17 1.123 1.345 0.421
18 1.123 1.345 0.421
19 1.123 1.345 0.421
20 1.123 1.345 0.421
21 1.123 1.345 0.421
22 1.123 1.345 0.421
23 1.123 1.345 0.421
24 1.123 1.345 0.421
25 1.123 1.345 0.421
26 1.123 1.345 0.421
27 1.123 1.345 0.421
28 1.123 1.345 0.421
29 1.123 1.345 0.421
30 1.123 1.345 0.421
31 1.123 1.345 0.421
32 1.123 1.345 0.421
33 1.123 1.345 0.421
34 1.123 1.345 0.421
35 1.123 1.345 0.421
36 1.123 1.345 0.421
37 1.123 1.345 0.421
38 1.123 1.345 0.421
39 1.123 1.345 0.421
40 1.123 1.345 0.421
41 1.123 1.345 0.421
42 1.123 1.345 0.421
43 1.123 1.345 0.421
44 1.123 1.345 0.421
45 1.123 1.345 0.421
46 1.123 1.345 0.421
47 1.123 1.345 0.421
48 1.123 1.345 0.421
49 1.123 1.345 0.421
50 1.123 1.345 0.421
51 1.123 1.345 0.421
52 1.123 1.345 0.421
