0 1.10286 1.25613 0.397034
1 1.10286 1.25613 0.397034
2 1.10286 1.25613 0.397034
3 1.10286 1.25613 0.397034
4 1.10286 1.25613 0.397034
5 1.10286 1.25613 0.397034
6 1.10286 1.25613 0.397034
7 1.10286 1.25613 0.397034
8 1.10286 1.25613 0.397034
9 1.10286 1.25613 0.397034
10 1.10286 1.25613 0.397034
11 1.10286 1.25613 0.397034
12 1.10286 1.25613 0.397034
13 1.10286 1.25613 0.397034
14 1.10286 1.25613 0.397034
15 1.10286 1.25613 0.397034
16 1.10286 1.25613 0.397034
17 1.10286 1.25613 0.397034
18 1.10286 1.25613 0.397034
19 1.10286 1.25613 0.397034
20 1.10286 1.25613 0.397034
21 1.10286 1.25613 0.397034
22 1.10286 1.25613 0.397034
23 1.10286 1.25613 0.397034
24 1.10286 1.25613 0.397034
25 1.10286 1.25613 0.397034
26 1.10286 1.25613 0.397034
27 1.10286 1.25613 0.397034
28 1.10286 1.25613 0.397034
29 1.10286 1.25613 0.397034
30 1.10286 1.25613 0.397034
31 1.10286 1.25613 0.397034
32 1.10286 1.25613 0.397034
33 1.10286 1.25613 0.397034
34 1.10286 1.25613 0.397034
35 1.10286 1.25613 0.397034
36 1.10286 1.25613 0.397034
37 1.10286 1.25613 0.397034
38 1.10286 1.25613 0.397034
39 1.10286 1.25613 0.397034
40 1.10286 1.25613 0.397034
41 1.10286 1.25613 0.397034
42 1.10286 1.25613 0.397034
43 1.10286 1.25613 0.397034
44 1.10286 1.25613 0.397034
45 1.10286 1.25613 0.397034
46 1.10286 1.25613 0.397034
47 1.10286 1.25613 0.397034
48 1.10286 1.25613 0.397034
49 1.10286 1.25613 0.397034
50 1.10286 1.25613 0.397034
51 1.10286 1.25613 0.397034
52 1.10286 1.25613 0.397034
