0 1.02900 1.67580 0.553456
1 1.02900 1.67580 0.553456
2 1.02900 1.67580 0.553456
3 1.02900 1.67580 0.553456
4 1.02900 1.67580 0.553456
5 1.02900 1.67580 0.553456
6 1.02900 1.67580 0.553456
7 1.02900 1.67580 0.553456
8 1.02900 1.67580 0.553456
9 1.02900 1.67580 0.553456
10 1.02900 1.67580 0.553456
11 1.02900 1.67580 0.553456
12 1.02900 1.67580 0.553456
13 1.02900 1.67580 0.553456
14 1.02900 1.67580 0.553456
15 1.02900 1.67580 0.553456
16 1.02900 1.67580 0.553456
17 1.02900 1.67580 0.553456
18 1.02900 1.67580 0.553456
19 1.02900 1.67580 0.553456
20 1.02900 1.67580 0.553456
21 1.02900 1.67580 0.553456
22 1.02900 1.67580 0.553456
23 1.02900 1.67580 0.553456
24 1.02900 1.67580 0.553456
25 1.02900 1.67580 0.553456
26 1.02900 1.67580 0.553456
27 1.02900 1.67580 0.553456
28 1.02900 1.67580 0.553456
29 1.02900 1.67580 0.553456
30 1.02900 1.67580 0.553456
31 1.02900 1.67580 0.553456
