0 0.850498 2.26732 -1.30239
1 0.840027 2.41395 -1.44547
2 0.845731 2.30945 -1.28632
3 0.844128 2.23194 -1.23181
4 0.837035 2.13197 -1.10806
5 0.823635 2.2455 -1.23538
6 0.816198 2.22717 -1.15947
7 0.802031 2.23519 -1.14275
8 0.827157 1.86279 -0.681264
9 0.827711 1.715 -0.472483
10 0.809728 1.63248 -0.319871
11 0.926716 1.29991 0.179045
12 0.989613 1.32782 0.21967
13 0.964205 1.32778 0.227499
14 0.814023 1.56812 -0.0851255
15 0.783042 1.52903 -0.0795197
16 0.763951 1.53325 -0.0741824
17 0.733173 1.63629 -0.173074
18 0.725422 1.63437 -0.151516
19 0.731905 1.56329 -0.0524161
20 0.716391 1.53304 0.00296543
21 0.720726 1.42411 0.161995
22 0.740968 1.37113 0.262547
23 0.716691 1.36693 0.282609
24 0.74135 1.30643 0.388223
25 0.703217 1.35281 0.335877
26 0.720329 1.29171 0.420366
27 0.725156 1.26357 0.468869
28 0.725177 1.24276 0.517017
29 0.750451 1.20188 0.589984
30 0.756643 1.19485 0.622555
31 0.764237 1.17801 0.64932
