0 -1.28941e+07 3.03963e+07 -0.229084 0.000290849
1 -2.27926e+07 5.50738e+07 -0.252004 0.000215069
2 -2.15407e+07 5.02609e+07 -0.238539 0.000225568
3 -2.4743e+07 5.62468e+07 -0.218511 0.000211338
4 -3.66132e+07 8.05895e+07 -0.213049 0.000173732
5 -2.87218e+07 5.79095e+07 -0.108274 0.000193145
6 -2.77925e+08 5.04706e+08 0.0235652 6.07849e-05
7 -9.69108e+08 1.67665e+09 0.0406674 3.30097e-05
8 -3.93467e+09 6.68029e+09 0.0515465 1.66355e-05
9 -4.93315e+08 8.35415e+08 -0.148393 4.78502e-05
10 -5.33433e+07 8.93167e+07 -0.328599 0.000153442
11 -2.86834e+07 4.80578e+07 -0.319943 0.000253671
12 -2.6676e+08 4.42125e+08 -0.225317 8.53231e-05
13 -1.55019e+07 2.56143e+07 -0.289195 0.000374087
14 -6.04693e+07 8.4497e+07 -0.221107 0.000184956
15 -30371.5 42784.3 -0.366497 0.00849421
16 -3.18005e+07 3.87374e+07 -0.13885 0.00027559
17 -3.39698e+08 4.2098e+08 -0.0844476 7.8204e-05
18 -4.12696e+07 5.08342e+07 0.00597374 0.000214658
19 -36856.4 47704.6 -0.0453559 0.00701344
20 -5.71073e+07 7.0329e+07 0.0860167 0.000173828
21 -5.71902e+07 7.64493e+07 -0.163521 0.00018232
22 -2.83684e+07 3.90119e+07 -0.298936 0.000278164
23 -70681.8 93223.3 -0.285779 0.00553344
24 -2.3849e+07 3.18074e+07 -0.351161 0.000314965
25 -8683.77 11255.5 -0.326777 0.0158152
26 -41.3982 71.9309 -0.751198 0.19847
27 -34.4094 60.3921 -0.788773 0.218257
28 -38557.9 51757.2 -0.457585 0.0076312
29 -20.8385 36.6584 -0.825263 0.275834
30 -25.0514 44.1253 -0.957743 0.255307
31 -14.5119 25.8802 -0.872398 0.325179
