0 0.872646 1.32688 -1.6441
1 0.865916 1.1911 -1.45979
2 0.8689 1.29027 -1.63365
3 0.865067 1.17404 -1.38537
4 0.861585 1.2236 -1.4221
5 0.850507 1.18676 -1.34825
6 0.847476 1.32736 -1.47101
7 0.82286 1.37009 -1.5459
8 0.847844 1.15375 -0.839027
9 0.839852 1.02455 -0.55067
10 0.834693 0.934226 -0.224006
11 0.939543 0.861703 0.326834
12 1 0.944007 0.297931
13 0.961192 0.958277 0.213192
14 0.828127 0.939179 -0.0118151
15 0.789886 0.927569 -0.0382048
16 0.772768 0.877111 0.136369
17 0.741461 0.957944 -0.0642812
18 0.745394 0.857941 0.128338
19 0.769166 0.821856 0.334163
20 0.752275 0.802719 0.357193
21 0.747294 0.861776 0.403298
22 0.771744 0.827429 0.507551
23 0.762115 0.7796 0.560309
24 0.796683 0.774455 0.634717
25 0.77749 0.778627 0.65262
26 0.833932 0.734747 0.740714
27 0.851444 0.750874 0.761688
28 0.853234 0.793004 0.768292
29 0.894748 0.842054 0.79513
30 0.862406 0.86999 0.777543
31 0.883597 0.872037 0.799828
