0 3942.3 50.0447 13.2601 4.01395 1.12948 -3941.28
1 1306.34 78.6524 21.8366 4.83493 1.50236 -1305.33
2 3520.36 4.60698 1.31333 66.9677 17.7071 -3519.34
3 2479.85 66.7442 18.0147 5.16734 1.51074 -2478.84
4 190.656 41.0614 14.0019 2.19709 0.830639 -189.648
5 4362.26 104.411 26.8504 6.92171 1.94367 -4361.24
6 2845.01 117.752 31.3638 6.94348 2.00921 -2843.99
7 3942.1 9.13796 2.5729 159.879 41.5639 -3941.07
8 943.409 121.169 35.5139 6.80476 2.14771 -942.387
9 3154.86 158.128 42.8034 9.31924 2.65168 -3153.82
10 1884.88 12.7158 3.75496 184.084 51.6949 -1883.85
11 2908.97 11.9976 3.36583 307.037 85.0659 -2907.97
12 1.88754 0.121268 0.968644 34.0502 48.4895 -0.803436
13 1257.7 5.12148 1.52672 139.873 39.707 -1256.96
14 40.9649 9.75401 4.56501 252.156 100 -40.0209
15 30422.6 302.445 67.9445 14.8924 3.69131 -30421.6
16 34324.8 392.68 89.0199 16.924 4.16488 -34323.8
17 16595.7 322.549 76.9744 15.3937 3.94825 -16594.7
18 22514.9 383.271 89.6194 22.3906 5.59879 -22513.9
19 16340.3 365.043 86.9548 20.7222 5.29597 -16339.3
20 9907.22 395.935 97.0433 23.0785 6.08154 -9906.18
21 5121.49 17.2052 4.74143 389.713 100 -5120.45
22 789.308 17.5587 5.61823 345.515 100 -788.274
23 162.303 300.791 100 12.9271 4.92138 -161.268
24 464.603 330.858 100 15.4606 5.20125 -463.574
25 699.838 345.973 100 10.3074 3.35079 -698.81
26 32.0017 263.763 100 4.55527 2.2508 -30.9755
27 4.38099 192.337 100 1.34912 1.38587 -3.35592
28 16.8873 240.843 100 3.99019 2.30161 -15.8643
29 492.764 335.726 100 7.84552 2.65856 -491.741
30 4827.47 395.833 100 11.8199 3.27547 -4826.46
31 1727.45 375.046 100 12.9692 3.88993 -1726.44
