17.34177215189871	0.9618930052378873
22.46835443037972	0.9587821911828895
27.40506329113923	0.9565337189000436
32.341772151898724	0.9634231776516804
37.27848101265822	0.9677264295067656
42.40506329113924	0.968925960279354
47.53164556962027	0.9668496289829769
52.46835443037973	0.9716701222173723
57.215189873417714	0.9732150261894369
62.34177215189874	0.9707938673068528
67.46835443037975	0.9752692601484068
72.59493670886076	0.9756067219554779
77.7215189873418	0.9788752182453077
82.2784810126582	0.9799031536446966
87.40506329113924	0.9819647533828022
92.53164556962025	0.9802332496726319
97.65822784810126	0.9802258838934962
102.7848101265823	0.9841840353557397
107.3417721518988	0.9865912810999562
112.46835443037975	0.984859777389786
117.59493670886081	0.9898524116106503
122.7215189873418	0.9893278044522043
127.46835443037978	0.9857002946311654
132.59493670886079	0.9900032736796158
137.5316455696203	0.9903410082933216
142.6582278481013	0.9891267459624618
147.7848101265823	0.9903262767350501
