17.429983974905447	1.0035107913669066
22.549012922363552	1.0038561151079137
27.668314637389635	1.0043741007194245
32.40792389784857	1.004546762589928
37.337652153159006	1.0050647482014388
42.45613556548131	1.0050647482014388
47.57652835077911	1.006273381294964
52.50543830338574	1.006273381294964
57.43380272085651	1.0059280575539569
62.36653141941424	1.0083453237410072
67.48501483173652	1.0083453237410072
72.60349824405878	1.0083453237410072
77.72170888881314	1.0081726618705036
82.27147192198845	1.0081726618705036
87.38995533431074	1.0081726618705036
92.51089365474448	1.009726618705036
97.6277404616591	1.0086906474820143
102.747860479389	1.009726618705036
107.29625967472467	1.0088633093525181
112.4152886221828	1.0092086330935253
117.53131712639367	1.0076546762589929
122.65007330628387	1.0078273381294964
127.20829213406523	1.013179856115108
132.32295680043643	1.0107625899280577
137.4430768181663	1.0117985611510791
142.56865218725488	1.0162877697841728
147.6811347130826	1.0124892086330934
