0 0.882922 0.809728 0.369349
1 0.871166 0.804757 0.366237
2 0.882068 0.811453 0.386527
3 0.880026 0.817557 0.395819
4 0.881715 0.82203 0.42038
5 0.866673 0.824293 0.405775
6 0.863608 0.824331 0.413537
7 0.841099 0.83129 0.409276
8 0.885243 0.865425 0.451363
9 0.913668 0.873603 0.54188
10 0.912187 0.887673 0.572013
11 1 0.883727 0.587215
12 1 0.862684 0.502842
13 1 0.878945 0.532789
14 0.950913 0.895932 0.648
15 0.882353 0.896862 0.608023
16 0.867962 0.884755 0.623548
17 0.837359 0.87676 0.613965
18 0.81556 0.878206 0.585094
19 0.839473 0.886697 0.61129
20 0.837932 0.887101 0.637191
21 0.829619 0.891247 0.643544
22 0.870297 0.90095 0.680934
23 0.831008 0.894998 0.672922
24 0.873636 0.906399 0.704366
25 0.831149 0.900845 0.693738
26 0.851063 0.906988 0.713282
27 0.876039 0.916299 0.739191
28 0.966559 0.934568 0.797468
29 0.987638 0.940459 0.809676
30 0.844453 0.948377 0.742738
31 1 0.942485 0.825119
