0 0.909194 0.761027 0.459341
1 0.906514 0.756592 0.478513
2 0.903527 0.750122 0.468142
3 0.910265 0.767814 0.479829
4 0.913372 0.737645 0.518844
5 0.89066 0.761572 0.467618
6 0.882362 0.76436 0.456545
7 0.861628 0.786437 0.442918
8 0.900162 0.794049 0.467732
9 0.911985 0.815288 0.521991
10 0.932952 0.845126 0.570467
11 1 0.843281 0.586623
12 1 0.822126 0.482481
13 1 0.831677 0.562942
14 0.90069 0.861827 0.57023
15 0.864722 0.848962 0.561892
16 0.840943 0.842706 0.567491
17 0.82045 0.837524 0.566526
18 0.82046 0.831918 0.569716
19 0.850981 0.846595 0.607858
20 0.842139 0.848522 0.622225
21 0.850172 0.854335 0.655886
22 0.870597 0.864402 0.673269
23 0.850748 0.854511 0.691221
24 0.907123 0.862745 0.729632
25 0.849689 0.868587 0.71154
26 0.873143 0.852354 0.732353
27 0.901396 0.843916 0.767598
28 0.921353 0.888417 0.774852
29 0.9875 0.893182 0.8122
30 0.905694 0.913788 0.780018
31 0.965382 0.913125 0.81212
