0 0.872989 2.06322 -1.7822
1 0.862595 2.16949 -1.90765
2 0.867489 1.94236 -1.5775
3 0.864043 1.99538 -1.63935
4 0.858567 1.90873 -1.4978
5 0.849256 1.90222 -1.47118
6 0.840706 2.0114 -1.54979
7 0.828121 1.88281 -1.33445
8 0.843644 1.71027 -1.00598
9 0.840891 1.526 -0.649691
10 0.831049 1.41712 -0.373722
11 0.91422 1.21803 0.0980563
12 0.991366 1.21026 0.180259
13 0.955273 1.24029 0.140768
14 0.826477 1.37254 -0.100899
15 0.7864 1.42437 -0.272175
16 0.764246 1.36887 -0.18025
17 0.742815 1.43468 -0.248419
18 0.73736 1.35856 -0.133514
19 0.747387 1.35014 -0.067714
20 0.734173 1.27917 0.062514
21 0.73197 1.24304 0.180122
22 0.751256 1.18888 0.313453
23 0.72558 1.18733 0.306764
24 0.744196 1.16264 0.393824
25 0.713715 1.14998 0.387276
26 0.734838 1.10712 0.490481
27 0.720944 1.11383 0.475664
28 0.727812 1.1098 0.537359
29 0.738752 1.09556 0.594323
30 0.725095 1.11608 0.590831
31 0.725523 1.1157 0.612932
