17.341772151898702	0.9184444444444445
22.468354430379755	0.9194814814814815
27.59493670886078	0.9391851851851851
32.151898734177244	0.9568148148148148
37.27848101265824	0.9718518518518519
42.40506329113925	0.9806666666666667
47.53164556962026	0.9853333333333334
52.65822784810127	0.9962222222222222
57.215189873417735	1.004
62.34177215189873	1.0029629629629628
67.46835443037975	1.0122962962962962
72.59493670886076	1.0169629629629628
77.53164556962025	1.0205925925925925
82.27848101265823	1.0237037037037036
87.40506329113924	1.0314814814814814
92.53164556962022	1.0283703703703704
97.65822784810126	1.033037037037037
102.78481012658224	1.0356296296296295
107.53164556962025	1.0428888888888888
112.46835443037975	1.0423703703703702
117.59493670886073	1.0465185185185184
122.53164556962022	1.048074074074074
127.2784810126582	1.0428888888888888
132.40506329113921	1.0491111111111109
137.53164556962022	1.0496296296296295
142.65822784810123	1.0517037037037036
147.78481012658222	1.054296296296296
