17.341772151898773	0.9578518518518518
22.468354430379755	0.9635555555555555
27.594936708860793	0.9868888888888888
32.15189873417723	0.9972592592592593
37.27848101265824	1.0097037037037038
42.40506329113925	1.018
47.53164556962026	1.0262962962962963
52.65822784810127	1.032
57.215189873417735	1.0377037037037036
62.34177215189873	1.0423703703703704
67.46835443037975	1.0454814814814815
72.59493670886076	1.0506666666666666
77.72151898734177	1.0506666666666666
82.46835443037975	1.0542962962962963
87.40506329113924	1.0584444444444443
92.53164556962025	1.0589629629629629
97.65822784810123	1.062074074074074
102.78481012658224	1.062074074074074
107.34177215189874	1.0657037037037036
112.46835443037975	1.0693333333333332
117.59493670886076	1.0657037037037036
122.72151898734174	1.0677777777777777
127.46835443037972	1.072962962962963
132.40506329113921	1.0714074074074074
137.53164556962022	1.0724444444444443
142.65822784810123	1.0807407407407406
147.78481012658222	1.078148148148148
