17.341772151898688	1.002996357344504
22.468354430379684	1.003521719333394
27.594936708860722	1.0038744194517804
32.15189873417717	1.005089609325198
37.27848101265818	1.0042336763500592
42.40506329113919	1.0054496858209634
47.5316455696202	1.0059750478098533
52.65822784810123	1.0058097623167288
57.40506329113919	1.0054712685547764
62.34177215189873	1.007377652308533
67.46835443037969	1.007385028685912
72.5949367088607	1.006183771969766
77.5316455696202	1.0079174938530189
82.27848101265815	1.0070610144795555
87.40506329113913	1.0074137145979418
92.53164556962017	1.006557781622803
97.65822784810118	1.009155086057736
102.78481012658222	1.0110617430106548
107.34177215189868	1.0083057098624897
112.46835443037966	1.0088310718513795
117.5949367088607	1.0090111100992623
122.72151898734168	1.0078098533831161
127.27848101265818	1.0117876331845914
132.40506329113916	1.0078237865403878
137.5316455696201	1.0099031053638101
142.65822784810118	1.0083565249066568
147.7848101265822	1.0087092250250431
