18.864353312302804	0.9485348755695758
26.4353312302839	0.9636046267087277
33.62776025236591	0.9724505199205513
41.198738170347006	1.0056684192078513
48.76971608832806	1.0020715036803365
56.15141955835961	1.0129922888187872
63.53312302839117	1.0062834443276083
71.29337539432177	1.0177243836896832
78.86435331230285	1.0291645051992053
86.05678233438485	1.0323066947073256
93.81703470031547	1.028192078513845
101.3880126182965	1.0328914592826264
108.58044164037852	1.0349966117537095
116.34069400630915	1.0355486622268955
123.72239747634069	1.03817315106905
131.10410094637226	1.0407976399112044
138.67507886435334	1.0460155391985044
146.2460567823344	1.043974179226545
