0 0.9303 -0.4867 3.509 2.608 0.0001034
1 0.9348 -0.3602 3.749 2.093 6.137e-05
2 0.9475 -0.7836 1.016 10.69 14.7
3 0.9422 -0.8361 1.062 11.65 15.99
4 0.9356 11.07 15.94 -0.8385 0.9685
5 0.9351 -0.9389 0.8821 9.915 15.14
6 0.9352 -1.067 0.8574 8.964 15.63
7 0.9317 -0.9181 0.3406 3.883 11.91
8 0.9256 -0.9606 0.3375 4.061 14.22
9 0.919 1.737 13.02 -0.9857 0.3122
10 0.9301 -1.676 1.086 11.32 31.04
11 0.9054 -1.717 1.29 2.795 35.44
12 0.8758 7.097 45.79 -1.222 0.6092
13 0.7019 -1.16 0.7819 11.84 27.52
14 0.8567 -2.096 0.9276 22.97 52.57
15 0.9659 20.4 25.3 -1.496 0.7411
16 0.9689 24.95 36.83 -1.783 0.9159
17 0.9706 -2.066 1.153 24.81 40.96
18 0.9688 -2.146 1.274 23.62 40.11
19 0.9607 16.76 34.95 -2.082 1.096
20 0.9633 -2.205 1.309 20.58 41.84
21 0.9595 -2.225 1.424 18.6 41.68
22 0.9573 26.55 49.76 -2.531 1.73
23 0.9566 26.02 47.77 -2.436 1.565
24 0.9494 -2.046 1.217 19.74 41.79
25 0.9489 28.73 42.22 -1.626 0.8612
26 0.9525 112 98.1 -1.563 1.129
27 0.9521 -1.377 0.7029 119 100
28 0.9505 -1.605 0.8139 111.7 100
29 0.9518 96.86 100 -2.275 1.41
30 0.9477 -1.821 0.9542 66.02 71.59
31 0.9423 -1.568 0.7347 41.53 49.02
