0 0.7728 1.701 -0.9394
1 0.7605 1.907 -1.155
2 0.7651 1.922 -1.094
3 0.7651 1.79 -0.9284
4 0.7613 1.45 -0.5792
5 0.7433 1.875 -0.8522
6 0.7348 1.833 -0.9255
7 0.7296 1.688 -0.7095
8 0.772 1.452 -0.3214
9 0.782 1.298 -0.09912
10 0.7823 1.27 0.05041
11 0.8756 1.171 0.3259
12 0.9066 1.22 0.318
13 0.9063 1.167 0.3782
14 0.7467 1.406 0.1012
15 0.7218 1.351 0.1452
16 0.7136 1.233 0.2781
17 0.6883 1.234 0.2868
18 0.6774 1.337 0.216
19 0.6943 1.255 0.3267
20 0.683 1.236 0.3613
21 0.6968 1.198 0.4507
22 0.7186 1.21 0.4814
23 0.7016 1.134 0.5279
24 0.7283 1.161 0.5581
25 0.6965 1.199 0.5582
26 0.7048 1.155 0.5856
27 0.7326 1.143 0.6345
28 0.7355 1.138 0.662
29 0.7891 1.144 0.7152
30 0.7656 1.157 0.7068
31 0.7587 1.168 0.7015
