0 -6.13e+05 1.796e+06 -0.4739 0.001067
1 -6.679e+08 2.261e+09 -0.5325 2.822e-05
2 -2.414e+09 8.038e+09 -0.5342 1.516e-05
3 -1.034e+10 2.305e+10 -0.3788 8.387e-06
4 -2.358e+10 5.988e+10 -0.5427 5.367e-06
5 -5.888e+10 1.181e+11 -0.344 3.493e-06
6 -1.227e+11 2.209e+11 -0.2592 2.634e-06
7 -1.265e+11 2.185e+11 -0.4865 2.675e-06
8 -2.454e+11 4.074e+11 -0.1386 1.746e-06
9 -2.451e+11 4.051e+11 -0.4369 1.549e-06
10 -2.448e+11 4.028e+11 -0.1009 1.335e-06
11 -2.447e+11 4.039e+11 -0.1157 1.999e-06
12 -4.617e+11 7.625e+11 -0.09792 1.595e-06
13 -7.542e+11 1.238e+12 -0.2279 1.36e-06
14 1.512e+10 1.433e+12 -1.833 1.268e-06
15 -5.853e+11 1.506e+12 -1.307 1.303e-06
16 -1.121e+12 1.471e+12 -0.9567 1.304e-06
17 -1.04e+12 1.391e+12 -1.404 1.234e-06
18 -8.853e+11 1.64e+12 -1.29 1.11e-06
19 -9.472e+11 1.557e+12 -0.8248 1.075e-06
20 -1.01e+12 1.457e+12 -0.6976 1.039e-06
21 -1.095e+12 1.628e+12 -1.224 1.158e-06
22 -1.275e+12 1.751e+12 -1.015 1.246e-06
23 -1.372e+12 1.67e+12 -0.8758 1.211e-06
24 -1.298e+12 1.815e+12 -1.229 1.299e-06
25 -1.402e+12 1.646e+12 -1.067 1.222e-06
26 -1.388e+12 1.682e+12 -1.125 1.243e-06
27 -1.469e+12 1.698e+12 -1.1 1.262e-06
28 -1.467e+12 1.702e+12 -1.169 1.264e-06
29 -1.241e+12 1.692e+12 -1.134 1.266e-06
30 -1.531e+12 1.726e+12 -1.344 1.287e-06
31 -1.528e+12 1.661e+12 -1.079 1.248e-06
