0 0.7982 1.163 -1.54
1 0.7846 1.171 -1.266
2 0.7876 1.491 -1.612
3 0.7894 1.189 -1.225
4 0.784 0.8258 -0.3384
5 0.7722 1.682 -1.632
6 0.7589 1.557 -1.494
7 0.7595 1.162 -0.9417
8 0.7893 0.9968 -0.5154
9 0.7996 0.7349 0.04408
10 0.8005 0.7506 0.1437
11 0.8911 0.8169 0.443
12 0.9264 0.8534 0.4395
13 0.9134 0.853 0.4532
14 0.7713 0.626 0.4343
15 0.7703 0.6172 0.5818
16 0.7758 0.6591 0.6428
17 0.7504 0.6273 0.6425
18 0.7514 0.6734 0.6342
19 0.7879 0.6692 0.6933
20 0.7365 0.7961 0.5993
21 0.7794 0.7951 0.6915
22 0.8235 0.7416 0.7466
23 0.8978 0.715 0.8273
24 1 0.7603 0.8557
25 0.8564 0.7955 0.7996
26 0.8998 0.784 0.8274
27 1 0.8041 0.8657
28 1 0.826 0.8661
29 1 0.898 0.855
30 1 0.9053 0.8565
31 1 0.8959 0.8638

