0 0.8478 0.7637 0.5503
1 0.8419 0.7644 0.564
2 0.8476 0.76 0.565
3 0.8377 0.7772 0.5423
4 0.8426 0.7673 0.5744
5 0.8182 0.7895 0.5296
6 0.803 0.8145 0.4958
7 0.771 0.8162 0.4646
8 0.8171 0.8635 0.5068
9 0.8578 0.8951 0.5787
10 0.8667 0.8947 0.6128
11 1 0.9124 0.6796
12 1 0.9046 0.6424
13 1 0.9047 0.6712
14 0.8535 0.9246 0.6419
15 0.8007 0.9201 0.6173
16 0.7842 0.9211 0.6201
17 0.7669 0.9189 0.6264
18 0.7498 0.9129 0.5979
19 0.7808 0.9216 0.6323
20 0.7612 0.9131 0.6333
21 0.7812 0.9211 0.6695
22 0.8005 0.9147 0.6922
23 0.7876 0.9275 0.7021
24 0.8008 0.9251 0.7095
25 0.7886 0.9345 0.721
26 0.7914 0.9283 0.7297
27 0.7984 0.9224 0.7434
28 0.8368 0.9345 0.7753
29 0.8551 0.9451 0.7907
30 0.8641 0.9399 0.8005
31 0.8775 0.9327 0.814
