0 0.7934 2.52 -2.053
1 0.7845 2.184 -1.645
2 0.7884 2.215 -1.739
3 0.7854 1.977 -1.495
4 0.7807 2.175 -1.649
5 0.769 2.501 -1.8
6 0.7564 2.171 -1.544
7 0.7433 2.218 -1.561
8 0.7653 1.773 -0.9147
9 0.7723 1.397 -0.3567
10 0.7725 1.248 -0.02363
11 0.8841 1.012 0.4002
12 0.8932 1.152 0.254
13 0.8757 1.176 0.2614
14 0.7623 1.301 0.1734
15 0.7258 1.186 0.2002
16 0.7113 1.187 0.2564
17 0.6845 1.298 0.09751
18 0.6913 1.224 0.2146
19 0.6874 1.292 0.1447
20 0.6878 1.093 0.3274
21 0.7155 1.032 0.4913
22 0.7282 1.057 0.5174
23 0.6891 1.136 0.4557
24 0.7337 1.062 0.577
25 0.7128 1.032 0.5979
26 0.7107 1.061 0.5937
27 0.7185 1.018 0.6333
28 0.7576 1.024 0.694
29 0.7542 1.029 0.7043
30 0.742 1.08 0.6936
31 0.7217 1.108 0.6804
