0.18836490894898 0.022832618025751067
0.21134890398366465 0.020515021459227484
0.23713737056616546 0.017939914163090126
0.26607250597988086 0.01690987124463518
0.29853826189179594 0.015236051502145909
0.3349654391578276 0.013562231759656651
0.37583740428844414 0.014849785407725316
0.4216965034285822 0.01703862660944204
0.4731512589614805 0.0188412017167382
0.5308844442309882 0.019098712446351945
0.5956621435290104 0.019356223175965664
0.6683439175686146 0.01819742489270386
0.7498942093324559 0.01742489270386266
0.8413951416451951 0.016652360515021447
1.0592537251772887 0.016652360515021447
1.1885022274370183 0.016652360515021447
1.333521432163324 0.016523605150214574
1.4962356560944328 0.017167381974248927
1.694988151390346 0.01742489270386266
1.8836490894898001 0.017939914163090126
2.1134890398366477 0.01858369098712445
2.371373705661655 0.018969957081545072
2.6607250597988097 0.020000000000000004
2.9853826189179604 0.020772532188841217
3.3496543915782757 0.021545064377682402
3.7583740428844394 0.02296137339055794
4.216965034285822 0.02437768240343348
4.731512589614803 0.025793991416309017
5.308844442309884 0.02669527896995709
5.956621435290104 0.027081545064377682
6.683439175686149 0.02785407725321888
7.498942093324558 0.02849785407725322
8.413951416451948 0.02914163090128756
9.440608762859236 0.031201716738197424
10.592537251772887 0.033004291845493555
11.885022274370177 0.033519313304721035
13.33521432163324 0.0332618025751073
14.819492569603849 0.03416309012875536
16.78804018122559 0.03416309012875536
18.836490894898002 0.03506437768240343
21.134890398366476 0.036738197424892705
23.713737056616576 0.037381974248927044
26.607250597988113 0.03879828326180258
29.853826189179603 0.039055793991416315
33.17671127842855 0.04201716738197425
37.22488230744494 0.04562231759656652
42.169650342858226 0.04806866952789699
53.08844442309885 0.0488412017167382
58.99746255923559 0.05257510729613734
66.19624174845146 0.05592274678111588
74.98942093324558 0.05682403433476395
84.13951416451947 0.06197424892703863
93.50467678261187 0.06892703862660944
105.92537251772886 0.06841201716738197
117.71541372323017 0.07562231759656653
133.35214321633254 0.08412017167381974
148.19492569603864 0.08656652360515021
166.27744146486336 0.0944206008583691
186.5663578576913 0.08489270386266094
