0.22586355207213757 0.14130434782608695
0.28434536530170906 0.10502717391304348
0.357969606104217 0.07038043478260866
0.4506570337745473 0.055298913043478226
0.5673435918225599 0.03899456521739125
0.714243264963998 0.028192934782608647
0.899178996466012 0.022282608695652184
1.1269978224665977 0.01922554347826083
1.4251026703029979 0.017798913043478193
1.7940979660601692 0.016983695652173836
2.2586355207213766 0.016983695652173836
2.843453653017093 0.017595108695652117
4.506570337745475 0.020040760869565133
5.673435918225603 0.021467391304347827
7.142432649639984 0.02248641304347826
8.991789964660114 0.024116847826086918
11.319992884026398 0.02656249999999999
14.251026703029977 0.028396739130434778
17.94097966060169 0.03288043478260866
22.586355207213767 0.03614130434782603
28.43453653017093 0.040421195652173836
35.796960610421735 0.04592391304347826
45.065703377454774 0.05142663043478257
56.483692094599384 0.0585597826086956
71.42432649639991 0.0716032608695652
89.91789964660124 0.09035326086956519
113.19992884026409 0.11888586956521738
142.51026703029993 0.16209239130434783
