0.22573388591982785 0.2125806451612903
0.2837184234976824 0.1672043010752688
0.358265229250584 0.15752688172043008
0.45029325403591575 0.1586021505376344
0.5659606293761571 0.12698924731182792
0.7146663657952763 0.09645161290322576
0.8982435836074159 0.07559139784946234
1.128976504433708 0.062258064516128975
1.4189780710088802 0.054731182795698885
1.7918135087751916 0.05043010752688165
2.262611181825071 0.04827956989247306
2.8438108655234497 0.04720430107526874
3.5743040182210497 0.04634408602150536
4.492439834714386 0.04612903225806447
5.672825075779944 0.04548387096774187
7.130010546356493 0.04505376344086015
8.961505019466045 0.047419354838709626
11.26345770343269 0.048924731182795556
14.22292287729251 0.05236559139784941
17.876382359836516 0.057741935483870854
22.57338859198283 0.06333333333333319
28.371842349768173 0.07172043010752666
35.65975197033539 0.08204301075268797
44.819715791076234 0.0953763440860215
56.596062937616004 0.1061290322580645
71.13396239738216 0.13408602150537632
89.82435836074163 0.17193548387096774
112.8976504433709 0.23817204301075268
