0.19030386432211094 0.42472014411396247
0.2121165002231136 0.5117963753000214
0.23642930125026623 0.561120839896758
0.2683382720000064 0.5925828688554429
0.300179036551543 0.6234708925707164
0.3364058561697767 0.6407250231149665
0.3783708148882991 0.685924623938714
0.42173969155364394 0.7583785208818666
0.47434962215211457 0.8256466690226735
0.5335223801367852 0.8716889032385235
0.5987875022472587 0.8899607186191036
0.6718506277268024 0.9017839313933981
0.7538288028438308 0.9161375767487879
0.8458098281751346 0.9203905780624548
0.9490142360424735 0.9229645515833935
1.0607735079504934 0.9257139378490582
1.1947381379082982 0.9281306535457444
1.5040862022524002 0.930799820084371
1.6876124757881497 0.9308845688469644
1.34051823879147 0.9298821824070461
1.9267275913907733 0.9312729675559475
2.1245782310305685 0.9310863508934202
2.3508208498283194 0.9329239500519215
2.674685524389082 0.9355509057551367
3.032621305919528 0.9365582986034898
3.3672295752114225 0.9350286034837676
3.3672295752114225 0.9350286034837676
3.7780937232585794 0.9369025428563686
4.239090879578544 0.937957527386372
4.756338196350262 0.9390384871154687
5.336699231206313 0.9359380651815129
5.987875022472587 0.9387650809278776
6.718506277268017 0.9365761560392433
7.538288028438304 0.9369547148562987
8.458098281751345 0.934011043782442
9.462677835540399 0.9327686304172915
10.648114862349344 0.9324960338495568
11.947381379082982 0.9288854828258647
13.405182387914742 0.9253481398599336
15.040862022523996 0.9218929376858138
16.876124757881488 0.9151614779433263
18.935323415445275 0.9119018483836265
23.838159828245185 0.9006921959718031
21.245782310305696 0.9096003510394637
26.74685524389081 0.8944564259724188
30.01046517818875 0.8942792852415631
33.67229575211422 0.883338666416622
37.3875728896543 0.8766332544616163
42.3909087957854 0.8663121159689811
47.563381963502664 0.856911186944159
59.87875022472581 0.8415455461208793
53.36699231206307 0.8511701254993382
67.18506277268024 0.8255510340766421
74.59801523487941 0.8230794504225312
93.91333704859804 0.8050515113086175
84.58098281751337 0.8066367536138924
105.37249727360735 0.7993957538962697
118.22988651687085 0.7758593548904976
132.6561145219558 0.7749421510902647
168.76124757881487 0.7646674110122085
148.84260856962916 0.7478904345221257
187.3817422860383 0.7547396672686364
