0.186 0.2204508327
0.2775 0.6108147295
0.414 0.7780521221
0.618 0.9573625378
0.922 0.9938449892
1.376 0.9857165662
2.054 0.9734958971
3.065 0.9613795037
4.5735 0.9527611198
6.8255 0.9371320537
10.186 0.933419991
15.2 0.9257546284
22.6825 0.9169656019
33.8495 0.9145691471
50.514 0.9214187781
75.382 0.9021732318
112.4925 0.8840230903
167.872 0.8926968317
250.5155 0.8852458684
373.845 0.8914622105
557.889 0.9178634713
832.5375 1.012609338
1242.395 1.103134746
1854.0255 1.16267679
2766.762 1.140462587
