0.1245 1
0.186 0.10977921
0.2775 0.09350024283
0.414 0.1003722203
0.618 0.1355033362
0.922 0.08791337746
1.376 0.07376592085
2.054 0.08532352904
3.065 0.03284978004
4.5735 0.02524335801
6.8255 0.01450197776
10.186 0.02416984793
15.2 0.01375081159
22.6825 0.01397638689
33.8495 0.02132892457
50.514 0.03611480599
75.382 0.05459088504
112.4925 0.06542624528
167.872 0.07552190633
250.5155 0.07809533311
373.845 0.1366635697
557.889 0.274448924
832.5375 0.4359624491
1242.395 0.6893234713
1854.0255 0.8615429233
2766.762 0.8843528661
