0.11364636663857243 0.26918687589158363
0.14307229891937567 0.3783166904422255
0.18011735283341326 0.3776034236804565
0.2267543125870801 0.5116975748930099
0.28400980479142135 0.6372325249643365
0.35754716045062124 0.7442225392296717
0.4501252062061334 0.8269614835948643
0.5666740605819913 0.8676176890156917
0.7170600970409609 0.8883024251069899
0.9027251779484574 0.901854493580599
1.130663397949638 0.9082738944365191
1.4307229891937565 0.9132667617689013
1.7919807223753295 0.9168330955777458
2.255970068843577 0.9203994293865904
2.8256027925444593 0.923252496433666
3.5572231591707797 0.9246790299572039
4.5012520620613365 0.9246790299572039
5.6378187690347925 0.9239657631954349
7.134003750712557 0.9246790299572037
8.935340587372758 0.9203994293865904
11.306633979496375 0.9196861626248215
14.234208838643415 0.9168330955777458
17.91980722375334 0.9146932952924391
22.559700688435726 0.9111269614835946
28.256027925444652 0.9089871611982879
35.57223159170787 0.9047075606276745
44.782786305028324 0.9061340941512124
56.37818769034793 0.8990014265335233
70.9759331542802 0.8840228245363764
89.3534058737275 0.8733238231098428
112.48927328479367 0.8390870185449356
141.61560469248536 0.8041369472182595
