0.22675431258708 0.7242782200543
0.284009804791421 0.804436826039605
0.357547160450621 0.901749420950102
0.450125206206133 0.985563634132499
0.566674060581991 0.99460693632752
0.717060097040961 0.984754038010216
0.902725177948457 0.977445891430061
1.13066339794964 0.970531958952648
1.43072298919376 0.9679979445646
1.79198072237533 0.967263203104627
2.25597006884358 0.968678999279063
2.82560279254446 0.970456797508935
3.55722315917078 0.971023115978709
4.50125206206134 0.970808062215268
5.63781876903479 0.969449634163177
7.13400375071256 0.969732793398064
8.93534058737276 0.9678187842253
11.3066339794964 0.968610893807617
14.2342088386434 0.969198686975595
17.9198072237533 0.97243523077631
22.5597006884357 0.974460294816928
28.2560279254446 0.980707591305815
35.5722315917079 0.986750571380362
44.7827863050283 1.00151043823723
56.3781876903479 1.00513045879159
70.9759331542802 1.01810884604175
89.3534058737275 1.04525930698081
112.489273284794 1.07725906155569
