0.1245 0
0.186 0.08823416179
0.2775 0.485456437
0.414 0.6404837765
0.618 0.8402956689
0.922 0.8907713457
1.376 0.925743204
2.054 0.9236889735
3.065 0.9109964509
4.5735 0.9394854064
6.8255 0.9270433807
10.186 0.9246554086
15.2 0.8942584574
22.6825 0.9297910841
33.8495 0.9102153915
50.514 0.9147195611
75.382 0.8712481478
112.4925 0.8451387664
167.872 0.834365876
250.5155 0.7953818265
373.845 0.7036057555
557.889 0.635226107
832.5375 0.6073963758
1242.395 0.4185910442
1854.0255 0.2339548369
2766.762 0.374601845
