0.111 0
0.1355 0
0.1655 0
0.2025 0
0.2475 0
0.302 0.638612
0.369 0.700521
0.451 0.787348
0.5505 0.880463
0.6725 0.911584
0.822 0.918191
1.004 0.923801
1.2265 0.928674
1.4985 0.932785
1.8305 0.936086
2.2365 0.938743
2.732 0.94075
3.337 0.942084
4.0765 0.942825
4.98 0.943246
6.0835 0.943387
7.432 0.9432
9.0785 0.942973
11.0905 0.946854
13.548 0.944882
16.55 0.942803
20.217 0.941322
24.6975 0.938933
30.1695 0.937256
36.856 0.934429
45.022 0.931888
55 0.928678
67.186 0.924435
82.076 0.921095
100.261 0.916322
122.481 0.907911
149.618 0.900567
182.776 0.898481
223.272 0.881559
272.757 0.869237
