0 1.00849 1.87414 6.09915 -0.568342 0.100607
1 1.00521 1.52624 5.67326 -0.565755 0.105185
2 1.00639 2.15614 6.68035 -0.576314 0.109107
3 1.00251 1.47071 5.95982 -0.579717 0.115059
4 1.00406 1.75719 6.98967 -0.585165 0.116157
5 1.01199 5.39485 11.2838 -0.814549 0.282873
6 1.01381 5.19929 12.4399 -0.822242 0.2838
7 1.01099 4.30573 12.2886 -0.843626 0.272022
8 1.0129 -0.886819 0.267138 4.31243 14.9032
9 1.01441 4.16982 17.8148 -0.946434 0.283628
10 1.01899 -1.00235 0.323068 3.87385 23.242
11 0.971029 -1.53803 0.988465 1.14249 33.4454
12 1.06834 3.67633 47.8752 -1.06189 0.382891
13 0.744453 30.6381 43.24 -1.34591 0.792159
14 0.917187 -1.77222 0.770659 18.7845 43.9032
15 1.04085 -1.2809 0.604282 10.4761 15.1789
16 1.04398 -1.48405 0.69521 21.3029 31.1437
17 1.04544 -1.60622 0.808426 20.6045 33.222
18 1.04298 -1.65885 0.896843 18.178 31.6359
19 1.03613 -1.63194 0.829291 17.3271 31.863
20 1.03635 -1.68464 0.851781 16.3884 33.267
21 1.03266 -1.76323 1.00238 15.9759 34.5219
22 1.03205 -1.73913 0.91883 17.0803 35.8644
23 1.03209 -1.69656 0.846288 17.5995 35.274
24 1.02679 -1.87761 1.07868 21.0383 37.7674
25 1.02319 27.9082 37.3785 -1.39805 0.695106
26 1.02462 61.3294 55.1992 -1.19284 0.581824
27 1.02474 -1.27243 0.627234 134.679 100
28 1.02477 125.508 100 -1.42168 0.725074
29 1.02071 -1.48365 0.811226 34.5058 43.1313
30 1.01534 33.9694 38.7806 -1.43988 0.693921
31 1.01433 -1.43199 0.707243 34.7321 37.1978
