0 1.055 1.192 0.620
1 1.055 1.192 0.620
2 1.055 1.192 0.620
3 1.055 1.192 0.620
4 1.055 1.192 0.620
5 1.055 1.192 0.620
6 1.055 1.192 0.620
7 1.055 1.192 0.620
8 1.055 1.192 0.620
9 1.055 1.192 0.620
10 1.055 1.192 0.620
11 1.055 1.192 0.620
12 1.055 1.192 0.620
13 1.055 1.192 0.620
14 1.055 1.192 0.620
15 1.055 1.192 0.620
16 1.055 1.192 0.620
17 1.055 1.192 0.620
18 1.055 1.192 0.620
19 1.055 1.192 0.620
20 1.055 1.192 0.620
21 1.055 1.192 0.620
22 1.055 1.192 0.620
23 1.055 1.192 0.620
24 1.055 1.192 0.620
25 1.055 1.192 0.620
26 1.055 1.192 0.620
27 1.055 1.192 0.620
28 1.055 1.192 0.620
29 1.055 1.192 0.620
30 1.055 1.192 0.620
31 1.055 1.192 0.620
32 1.055 1.192 0.620
33 1.055 1.192 0.620
34 1.055 1.192 0.620
35 1.055 1.192 0.620
36 1.055 1.192 0.620
37 1.055 1.192 0.620
38 1.055 1.192 0.620
39 1.055 1.192 0.620
40 1.055 1.192 0.620
41 1.055 1.192 0.620
42 1.055 1.192 0.620
43 1.055 1.192 0.620
44 1.055 1.192 0.620
45 1.055 1.192 0.620
46 1.055 1.192 0.620
47 1.055 1.192 0.620
48 1.055 1.192 0.620
49 1.055 1.192 0.620
50 1.055 1.192 0.620
51 1.055 1.192 0.620
52 1.055 1.192 0.620
