0 1.163 1.117 0.726
1 1.163 1.117 0.726
2 1.163 1.117 0.726
3 1.163 1.117 0.726
4 1.163 1.117 0.726
5 1.163 1.117 0.726
6 1.163 1.117 0.726
7 1.163 1.117 0.726
8 1.163 1.117 0.726
9 1.163 1.117 0.726
10 1.163 1.117 0.726
11 1.163 1.117 0.726
12 1.163 1.117 0.726
13 1.163 1.117 0.726
14 1.163 1.117 0.726
15 1.163 1.117 0.726
16 1.163 1.117 0.726
17 1.163 1.117 0.726
18 1.163 1.117 0.726
19 1.163 1.117 0.726
20 1.163 1.117 0.726
21 1.163 1.117 0.726
22 1.163 1.117 0.726
23 1.163 1.117 0.726
24 1.163 1.117 0.726
25 1.163 1.117 0.726
26 1.163 1.117 0.726
27 1.163 1.117 0.726
28 1.163 1.117 0.726
29 1.163 1.117 0.726
30 1.163 1.117 0.726
31 1.163 1.117 0.726
32 1.163 1.117 0.726
33 1.163 1.117 0.726
34 1.163 1.117 0.726
35 1.163 1.117 0.726
36 1.163 1.117 0.726
37 1.163 1.117 0.726
38 1.163 1.117 0.726
39 1.163 1.117 0.726
40 1.163 1.117 0.726
41 1.163 1.117 0.726
42 1.163 1.117 0.726
43 1.163 1.117 0.726
44 1.163 1.117 0.726
45 1.163 1.117 0.726
46 1.163 1.117 0.726
47 1.163 1.117 0.726
48 1.163 1.117 0.726
49 1.163 1.117 0.726
50 1.163 1.117 0.726
51 1.163 1.117 0.726
52 1.163 1.117 0.726
