0 1.026 2.188 0.447
1 1.026 2.188 0.447
2 1.026 2.188 0.447
3 1.026 2.188 0.447
4 1.026 2.188 0.447
5 1.026 2.188 0.447
6 1.026 2.188 0.447
7 1.026 2.188 0.447
8 1.026 2.188 0.447
9 1.026 2.188 0.447
10 1.026 2.188 0.447
11 1.026 2.188 0.447
12 1.026 2.188 0.447
13 1.026 2.188 0.447
14 1.026 2.188 0.447
15 1.026 2.188 0.447
16 1.026 2.188 0.447
17 1.026 2.188 0.447
18 1.026 2.188 0.447
19 1.026 2.188 0.447
20 1.026 2.188 0.447
21 1.026 2.188 0.447
22 1.026 2.188 0.447
23 1.026 2.188 0.447
24 1.026 2.188 0.447
25 1.026 2.188 0.447
26 1.026 2.188 0.447
27 1.026 2.188 0.447
28 1.026 2.188 0.447
29 1.026 2.188 0.447
30 1.026 2.188 0.447
31 1.026 2.188 0.447
32 1.026 2.188 0.447
33 1.026 2.188 0.447
34 1.026 2.188 0.447
35 1.026 2.188 0.447
36 1.026 2.188 0.447
37 1.026 2.188 0.447
38 1.026 2.188 0.447
39 1.026 2.188 0.447
40 1.026 2.188 0.447
41 1.026 2.188 0.447
42 1.026 2.188 0.447
43 1.026 2.188 0.447
44 1.026 2.188 0.447
45 1.026 2.188 0.447
46 1.026 2.188 0.447
47 1.026 2.188 0.447
48 1.026 2.188 0.447
49 1.026 2.188 0.447
50 1.026 2.188 0.447
51 1.026 2.188 0.447
52 1.026 2.188 0.447
