0 1.04 1.361 0.584
1 1.04 1.361 0.584
2 1.04 1.361 0.584
3 1.04 1.361 0.584
4 1.04 1.361 0.584
5 1.04 1.361 0.584
6 1.04 1.361 0.584
7 1.04 1.361 0.584
8 1.04 1.361 0.584
9 1.04 1.361 0.584
10 1.04 1.361 0.584
11 1.04 1.361 0.584
12 1.04 1.361 0.584
13 1.04 1.361 0.584
14 1.04 1.361 0.584
15 1.04 1.361 0.584
16 1.04 1.361 0.584
17 1.04 1.361 0.584
18 1.04 1.361 0.584
19 1.04 1.361 0.584
20 1.04 1.361 0.584
21 1.04 1.361 0.584
22 1.04 1.361 0.584
23 1.04 1.361 0.584
24 1.04 1.361 0.584
25 1.04 1.361 0.584
26 1.04 1.361 0.584
27 1.04 1.361 0.584
28 1.04 1.361 0.584
29 1.04 1.361 0.584
30 1.04 1.361 0.584
31 1.04 1.361 0.584
32 1.04 1.361 0.584
33 1.04 1.361 0.584
34 1.04 1.361 0.584
35 1.04 1.361 0.584
36 1.04 1.361 0.584
37 1.04 1.361 0.584
38 1.04 1.361 0.584
39 1.04 1.361 0.584
40 1.04 1.361 0.584
41 1.04 1.361 0.584
42 1.04 1.361 0.584
43 1.04 1.361 0.584
44 1.04 1.361 0.584
45 1.04 1.361 0.584
46 1.04 1.361 0.584
47 1.04 1.361 0.584
48 1.04 1.361 0.584
49 1.04 1.361 0.584
50 1.04 1.361 0.584
51 1.04 1.361 0.584
52 1.04 1.361 0.584
