0 1.085 1.443 0.635
1 1.085 1.443 0.635
2 1.085 1.443 0.635
3 1.085 1.443 0.635
4 1.085 1.443 0.635
5 1.085 1.443 0.635
6 1.085 1.443 0.635
7 1.085 1.443 0.635
8 1.085 1.443 0.635
9 1.085 1.443 0.635
10 1.085 1.443 0.635
11 1.085 1.443 0.635
12 1.085 1.443 0.635
13 1.085 1.443 0.635
14 1.085 1.443 0.635
15 1.085 1.443 0.635
16 1.085 1.443 0.635
17 1.085 1.443 0.635
18 1.085 1.443 0.635
19 1.085 1.443 0.635
20 1.085 1.443 0.635
21 1.085 1.443 0.635
22 1.085 1.443 0.635
23 1.085 1.443 0.635
24 1.085 1.443 0.635
25 1.085 1.443 0.635
26 1.085 1.443 0.635
27 1.085 1.443 0.635
28 1.085 1.443 0.635
29 1.085 1.443 0.635
30 1.085 1.443 0.635
31 1.085 1.443 0.635
32 1.085 1.443 0.635
33 1.085 1.443 0.635
34 1.085 1.443 0.635
35 1.085 1.443 0.635
36 1.085 1.443 0.635
37 1.085 1.443 0.635
38 1.085 1.443 0.635
39 1.085 1.443 0.635
40 1.085 1.443 0.635
41 1.085 1.443 0.635
42 1.085 1.443 0.635
43 1.085 1.443 0.635
44 1.085 1.443 0.635
45 1.085 1.443 0.635
46 1.085 1.443 0.635
47 1.085 1.443 0.635
48 1.085 1.443 0.635
49 1.085 1.443 0.635
50 1.085 1.443 0.635
51 1.085 1.443 0.635
52 1.085 1.443 0.635
