0 1.095 1.544 0.365
1 1.095 1.544 0.365
2 1.095 1.544 0.365
3 1.095 1.544 0.365
4 1.095 1.544 0.365
5 1.095 1.544 0.365
6 1.095 1.544 0.365
7 1.095 1.544 0.365
8 1.095 1.544 0.365
9 1.095 1.544 0.365
10 1.095 1.544 0.365
11 1.095 1.544 0.365
12 1.095 1.544 0.365
13 1.095 1.544 0.365
14 1.095 1.544 0.365
15 1.095 1.544 0.365
16 1.095 1.544 0.365
17 1.095 1.544 0.365
18 1.095 1.544 0.365
19 1.095 1.544 0.365
20 1.095 1.544 0.365
21 1.095 1.544 0.365
22 1.095 1.544 0.365
23 1.095 1.544 0.365
24 1.095 1.544 0.365
25 1.095 1.544 0.365
26 1.095 1.544 0.365
27 1.095 1.544 0.365
28 1.095 1.544 0.365
29 1.095 1.544 0.365
30 1.095 1.544 0.365
31 1.095 1.544 0.365
32 1.095 1.544 0.365
33 1.095 1.544 0.365
34 1.095 1.544 0.365
35 1.095 1.544 0.365
36 1.095 1.544 0.365
37 1.095 1.544 0.365
38 1.095 1.544 0.365
39 1.095 1.544 0.365
40 1.095 1.544 0.365
41 1.095 1.544 0.365
42 1.095 1.544 0.365
43 1.095 1.544 0.365
44 1.095 1.544 0.365
45 1.095 1.544 0.365
46 1.095 1.544 0.365
47 1.095 1.544 0.365
48 1.095 1.544 0.365
49 1.095 1.544 0.365
50 1.095 1.544 0.365
51 1.095 1.544 0.365
52 1.095 1.544 0.365
