0 1.036 1.976 0.537
1 1.036 1.976 0.537
2 1.036 1.976 0.537
3 1.036 1.976 0.537
4 1.036 1.976 0.537
5 1.036 1.976 0.537
6 1.036 1.976 0.537
7 1.036 1.976 0.537
8 1.036 1.976 0.537
9 1.036 1.976 0.537
10 1.036 1.976 0.537
11 1.036 1.976 0.537
12 1.036 1.976 0.537
13 1.036 1.976 0.537
14 1.036 1.976 0.537
15 1.036 1.976 0.537
16 1.036 1.976 0.537
17 1.036 1.976 0.537
18 1.036 1.976 0.537
19 1.036 1.976 0.537
20 1.036 1.976 0.537
21 1.036 1.976 0.537
22 1.036 1.976 0.537
23 1.036 1.976 0.537
24 1.036 1.976 0.537
25 1.036 1.976 0.537
26 1.036 1.976 0.537
27 1.036 1.976 0.537
28 1.036 1.976 0.537
29 1.036 1.976 0.537
30 1.036 1.976 0.537
31 1.036 1.976 0.537
32 1.036 1.976 0.537
33 1.036 1.976 0.537
34 1.036 1.976 0.537
35 1.036 1.976 0.537
36 1.036 1.976 0.537
37 1.036 1.976 0.537
38 1.036 1.976 0.537
39 1.036 1.976 0.537
40 1.036 1.976 0.537
41 1.036 1.976 0.537
42 1.036 1.976 0.537
43 1.036 1.976 0.537
44 1.036 1.976 0.537
45 1.036 1.976 0.537
46 1.036 1.976 0.537
47 1.036 1.976 0.537
48 1.036 1.976 0.537
49 1.036 1.976 0.537
50 1.036 1.976 0.537
51 1.036 1.976 0.537
52 1.036 1.976 0.537
