0 1.092 1.405 0.379
1 1.092 1.405 0.379
2 1.092 1.405 0.379
3 1.092 1.405 0.379
4 1.092 1.405 0.379
5 1.092 1.405 0.379
6 1.092 1.405 0.379
7 1.092 1.405 0.379
8 1.092 1.405 0.379
9 1.092 1.405 0.379
10 1.092 1.405 0.379
11 1.092 1.405 0.379
12 1.092 1.405 0.379
13 1.092 1.405 0.379
14 1.092 1.405 0.379
15 1.092 1.405 0.379
16 1.092 1.405 0.379
17 1.092 1.405 0.379
18 1.092 1.405 0.379
19 1.092 1.405 0.379
20 1.092 1.405 0.379
21 1.092 1.405 0.379
22 1.092 1.405 0.379
23 1.092 1.405 0.379
24 1.092 1.405 0.379
25 1.092 1.405 0.379
26 1.092 1.405 0.379
27 1.092 1.405 0.379
28 1.092 1.405 0.379
29 1.092 1.405 0.379
30 1.092 1.405 0.379
31 1.092 1.405 0.379
32 1.092 1.405 0.379
33 1.092 1.405 0.379
34 1.092 1.405 0.379
35 1.092 1.405 0.379
36 1.092 1.405 0.379
37 1.092 1.405 0.379
38 1.092 1.405 0.379
39 1.092 1.405 0.379
40 1.092 1.405 0.379
41 1.092 1.405 0.379
42 1.092 1.405 0.379
43 1.092 1.405 0.379
44 1.092 1.405 0.379
45 1.092 1.405 0.379
46 1.092 1.405 0.379
47 1.092 1.405 0.379
48 1.092 1.405 0.379
49 1.092 1.405 0.379
50 1.092 1.405 0.379
51 1.092 1.405 0.379
52 1.092 1.405 0.379
