0 1.067 1.98 0.265
1 1.067 1.98 0.265
2 1.067 1.98 0.265
3 1.067 1.98 0.265
4 1.067 1.98 0.265
5 1.067 1.98 0.265
6 1.067 1.98 0.265
7 1.067 1.98 0.265
8 1.067 1.98 0.265
9 1.067 1.98 0.265
10 1.067 1.98 0.265
11 1.067 1.98 0.265
12 1.067 1.98 0.265
13 1.067 1.98 0.265
14 1.067 1.98 0.265
15 1.067 1.98 0.265
16 1.067 1.98 0.265
17 1.067 1.98 0.265
18 1.067 1.98 0.265
19 1.067 1.98 0.265
20 1.067 1.98 0.265
21 1.067 1.98 0.265
22 1.067 1.98 0.265
23 1.067 1.98 0.265
24 1.067 1.98 0.265
25 1.067 1.98 0.265
26 1.067 1.98 0.265
27 1.067 1.98 0.265
28 1.067 1.98 0.265
29 1.067 1.98 0.265
30 1.067 1.98 0.265
31 1.067 1.98 0.265
32 1.067 1.98 0.265
33 1.067 1.98 0.265
34 1.067 1.98 0.265
35 1.067 1.98 0.265
36 1.067 1.98 0.265
37 1.067 1.98 0.265
38 1.067 1.98 0.265
39 1.067 1.98 0.265
40 1.067 1.98 0.265
41 1.067 1.98 0.265
42 1.067 1.98 0.265
43 1.067 1.98 0.265
44 1.067 1.98 0.265
45 1.067 1.98 0.265
46 1.067 1.98 0.265
47 1.067 1.98 0.265
48 1.067 1.98 0.265
49 1.067 1.98 0.265
50 1.067 1.98 0.265
51 1.067 1.98 0.265
52 1.067 1.98 0.265
