0 1.089 1.999 0.348
1 1.089 1.999 0.348
2 1.089 1.999 0.348
3 1.089 1.999 0.348
4 1.089 1.999 0.348
5 1.089 1.999 0.348
6 1.089 1.999 0.348
7 1.089 1.999 0.348
8 1.089 1.999 0.348
9 1.089 1.999 0.348
10 1.089 1.999 0.348
11 1.089 1.999 0.348
12 1.089 1.999 0.348
13 1.089 1.999 0.348
14 1.089 1.999 0.348
15 1.089 1.999 0.348
16 1.089 1.999 0.348
17 1.089 1.999 0.348
18 1.089 1.999 0.348
19 1.089 1.999 0.348
20 1.089 1.999 0.348
21 1.089 1.999 0.348
22 1.089 1.999 0.348
23 1.089 1.999 0.348
24 1.089 1.999 0.348
25 1.089 1.999 0.348
26 1.089 1.999 0.348
27 1.089 1.999 0.348
28 1.089 1.999 0.348
29 1.089 1.999 0.348
30 1.089 1.999 0.348
31 1.089 1.999 0.348
32 1.089 1.999 0.348
33 1.089 1.999 0.348
34 1.089 1.999 0.348
35 1.089 1.999 0.348
36 1.089 1.999 0.348
37 1.089 1.999 0.348
38 1.089 1.999 0.348
39 1.089 1.999 0.348
40 1.089 1.999 0.348
41 1.089 1.999 0.348
42 1.089 1.999 0.348
43 1.089 1.999 0.348
44 1.089 1.999 0.348
45 1.089 1.999 0.348
46 1.089 1.999 0.348
47 1.089 1.999 0.348
48 1.089 1.999 0.348
49 1.089 1.999 0.348
50 1.089 1.999 0.348
51 1.089 1.999 0.348
52 1.089 1.999 0.348
