17.81374728955397 0.7473083197389887
24.3616639775698 0.735562805872757
32.40216417211094 0.7303425774877652
42.79765165819764 0.7199021207177815
56.52829168222504 0.7107667210440457
73.63248988466692 0.70163132137031
98.61834362474714 0.6951060358890702
133.00472497258056 0.6872756933115824
174.45838303257466 0.6820554649265906
233.65768009573858 0.6794453507340947
300.15210242221025 0.6716150081566069
362.1699279490351 0.6650897226753671
430.96409342280145 0.6572593800978794
509.270641324353 0.6494290375203915
618.7864363464607 0.63768352365416
767.7085451105506 0.6246329526916803
939.311561063476 0.6102773246329527
1141.3052438640646 0.5972267536704732
1425.8654633042065 0.5854812398042415
1793.8099764020592 0.5750407830342579
2256.702553116719 0.5659053833605221
2819.3633988269034 0.5593800978792823
3473.645529423889 0.5541598694942905
