17.22431299674463	0.9770380818053596
22.35268952332561	0.9707757404795487
27.46529054338596	0.9744992947813822
32.20115107721308	0.9766995768688294
37.320971396867606	0.9758533145275035
42.24346419427927	0.9799153737658672
47.35499568847368	0.9843159379407614
52.47240957493031	0.9849929478138222
57.206933201425144	0.9880394922425951
62.32301018054933	0.9895627644569815
67.25646561808571	0.9866854724964739
72.37040354547825	0.9895627644569817
77.3046611274140	0.9861777150916783
82.23116464682252	0.9877009873060648
87.33948756341954	0.9941325811001409
92.27722110441917	0.9885472496473907
97.39062426887884	0.9917630465444287
102.50429481480495	0.9948095909732017
107.2495136999579	0.9910860366713681
112.37040354547824	0.9895627644569815
117.29209419849062	0.994132581100141
122.38303731976819	1.0115655853314527
127.14670552610642	0.9961636107193229
132.0831021597738	0.9914245416078984
137.19062293197152	0.9983638928067701
142.30776943696148	0.999210155148096
147.39416707330935	1.0195204513399154
