17.233079503700957	0.9720786516853933
22.334256350178443	0.9830337078651686
27.25650993130622	0.987247191011236
32.180627296448144	0.9902808988764046
37.300441983066186	0.9894382022471911
42.247723520954274	0.9778089887640451
47.350764151445766	0.9875842696629213
52.28340167208052	0.9852247191011236
57.212844134405465	0.9848876404494383
62.3342563501784	0.9830337078651686
67.25571116672879	0.9877528089887642
72.37099952074126	0.9897752808988766
77.48522285531712	0.9924719101123597
82.22802066137712	0.9902808988764046
87.15400181053306	0.9921348314606743
92.27541402630598	0.9902808988764046
97.39263169822897	0.990886075949367
102.51025081207732	0.9916292134831463
107.2511848341232	0.9906179775280901
112.36673944299477	0.9924719101123597
117.29644816017895	0.9919662921348316
122.40800894616328	0.9963483146067417
127.15400181053306	0.9921348314606744
132.07678790137916	0.9960112359550564
137.38803983172693	0.993988764044944
142.31881356834762	0.9928089887640451
147.4364982160925	0.9933146067415732
