17.265489742578566	1.0011283497884345
22.38370577343433	1.0012976022566995
27.50192180429012	1.0014668547249648
32.24152567864759	1.0012976022566995
37.35947432803694	1.0016361071932298
42.28597784744548	1.0031593794076163
47.40633293003293	1.0019746121297604
52.522944672090034	1.0031593794076163
57.26174640204813	1.0034978843441467
62.189052065856046	1.0045133991537376
67.3088723855106	1.003667136812412
72.42735579783287	1.003667136812412
77.54664135455448	1.0031593794076163
82.2854430845126	1.0034978843441467
87.40258958950255	1.0043441466854726
92.3298952533105	1.0053596614950635
97.63795212534839	1.0053596614950635
102.56712945942152	1.0051904090267982
107.30486166351375	1.0062059238363892
112.42575150903409	1.0046826516220029
117.35278979137553	1.005867418899859
122.47421439982881	1.0040056417489422
127.20954017072302	1.0065444287729197
132.3309647791763	1.0046826516220029
137.44570485096818	1.007052186177715
142.37488218504132	1.00688293370945
147.58293838862562	1.008067700987306
