0 0.822076 0.799632 0.34622
1 0.808049 0.786815 0.334145
2 0.819156 0.798571 0.344681
3 0.817765 0.799823 0.363268
4 0.816417 0.797421 0.378325
5 0.794646 0.814148 0.335414
6 0.786573 0.808343 0.333295
7 0.773154 0.81383 0.365289
8 0.832335 0.840747 0.455703
9 0.855265 0.852727 0.5189
10 0.890293 0.873994 0.597485
11 0.973795 0.882846 0.603278
12 0.994319 0.870969 0.582768
13 0.977562 0.874264 0.584566
14 0.8805 0.893191 0.641269
15 0.808223 0.879459 0.585071
16 0.797291 0.874889 0.599926
17 0.774906 0.881769 0.59243
18 0.780374 0.881232 0.598404
19 0.793127 0.880634 0.606451
20 0.777857 0.886549 0.610169
21 0.773284 0.881373 0.622128
22 0.800675 0.887915 0.649905
23 0.768843 0.904391 0.639293
24 0.807279 0.90516 0.681039
25 0.772658 0.896964 0.68035
26 0.783928 0.900133 0.689819
27 0.795362 0.910776 0.708762
28 0.809461 0.91515 0.733943
29 0.835758 0.922702 0.762291
30 0.82255 0.922035 0.762625
31 0.905189 0.940495 0.810406
