0 0.941208 2.50197 6.53843 -0.573548 0.100483
1 0.94236 6.25898 10.1112 -0.73475 0.258273
2 0.939753 2.02081 6.15205 -0.581558 0.116517
3 0.939355 -0.750865 0.279076 5.12945 9.31557
4 0.931738 -0.598296 0.118428 1.61778 6.3194
5 0.936941 -0.799356 0.265318 5.05695 10.5199
6 0.934814 -0.797671 0.273711 4.49899 10.4788
7 0.932292 -0.845947 0.277627 4.53705 11.6054
8 0.925836 -0.909903 0.314013 4.82553 13.8808
9 0.93131 -0.926018 0.304888 4.76157 17.2427
10 0.9244 -0.970689 0.314403 3.44183 19.5487
11 0.91224 -1.74431 1.28115 6.42197 38.8477
12 0.888362 -1.01607 0.385245 11.0101 50.5366
13 0.692133 7.40003 15.1952 -0.931386 0.455629
14 0.861602 -1.56442 0.614226 20.1242 44.2175
15 0.970896 -1.33225 0.641935 16.563 20.2828
16 0.972432 -1.44716 0.686404 21.1326 31.6004
17 0.974323 -1.6526 0.885681 21.8145 35.0814
18 0.973029 -1.67126 0.85434 20.9955 35.418
19 0.967712 -1.62978 0.865498 16.9791 32.7884
20 0.967451 16.3395 34.3826 -1.65183 0.866231
21 0.957925 -1.76214 0.972695 16.6022 34.885
22 0.964119 -1.71283 0.870999 16.7175 35.8345
23 0.964546 18.3875 36.8262 -1.71251 0.922648
24 0.959418 -1.73343 1.02167 20.8904 38.4167
25 0.956955 30.8041 39.0965 -1.3985 0.696942
26 0.962145 -1.31006 0.684873 127.012 100
27 0.959515 -1.22518 0.615599 129.572 100
28 0.95925 -1.39847 0.733814 123.388 100
29 0.955061 -1.40952 0.693574 36.8121 46.5104
30 0.951913 -1.40711 0.713879 36.6468 41.7348
31 0.947723 33.423 37.2798 -1.34834 0.66137
