0 0.819053 1.38601 -1.93665
1 0.810747 1.39458 -2.10612
2 0.815348 1.27177 -1.83763
3 0.811317 1.39204 -1.88061
4 0.804553 1.23179 -1.60141
5 0.795258 1.29914 -1.63037
6 0.787626 1.41637 -1.95149
7 0.771088 1.51912 -2.02873
8 0.798688 1.23725 -1.30099
9 0.802359 1.08887 -0.760233
10 0.79639 0.912882 -0.359655
11 0.884022 0.854086 0.23825
12 0.910801 0.942055 0.168152
13 0.888836 0.976787 0.113484
14 0.769951 1.06522 -0.252263
15 0.733077 1.03031 -0.388315
16 0.722438 0.844154 0.0580221
17 0.699138 1.04491 -0.36198
18 0.705934 0.869743 0.0975191
19 0.709636 0.950412 0.0707458
20 0.704235 0.885838 0.226668
21 0.708308 0.808864 0.382755
22 0.737651 0.747187 0.536891
23 0.721534 0.757522 0.555841
24 0.755283 0.755586 0.62747
25 0.732795 0.756355 0.64439
26 0.750362 0.740121 0.682725
27 0.803146 0.714062 0.766389
28 0.855066 0.76942 0.803788
29 0.806343 0.815401 0.771174
30 0.833238 0.832136 0.794158
31 0.817346 0.851286 0.789252
