0 3282.62 115.073 29.2108 6.31546 1.81449 -3281.67
1 6201.6 106.114 26.3368 6.12717 1.6771 -6200.65
2 85.5496 2.77048 1.17129 48.4796 17.2251 -84.5962
3 2357.06 73.675 19.653 5.27575 1.54903 -2356.12
4 3933.14 72.9553 19.2005 5.01768 1.4001 -3932.19
5 3684.76 106.854 27.6015 7.239 2.04577 -3683.82
6 3285.06 80.8267 21.4583 7.16739 2.02284 -3284.12
7 3816.65 113.463 29.6299 7.69614 2.15706 -3815.71
8 1217.72 6.2281 1.89986 88.5661 25.5755 -1216.78
9 5631.96 11.8692 3.23216 217.394 55.5197 -5631.01
10 3328.05 12.7623 3.61205 267.308 70.7759 -3327.1
11 3165.55 11.9436 3.34692 350.035 95.242 -3164.6
12 78.2842 5.88953 2.43338 261.536 100 -77.352
13 0.736624 0.405617 4.73105 -0.210415 0.186266 -0.0462887
14 764.368 12.9998 4.11872 339.532 100 -763.486
15 26631.5 12.2794 3.05281 221.215 50.5016 -26630.6
16 16802.3 388.057 90.9661 15.8825 4.06592 -16801.3
17 21255.6 392.649 91.844 19.4421 4.88717 -21254.6
18 19395.3 19.1813 4.83633 364.528 85.9352 -19394.4
19 12515.9 400.626 96.8275 22.7579 5.86896 -12514.9
20 262.573 317.456 100 15.2323 5.43457 -261.601
21 95.556 288.034 100 14.3295 5.8333 -94.5861
22 15.2511 228.277 100 8.64593 5.03099 -14.2834
23 56.0354 9.83588 4.39558 270.748 100 -55.0689
24 231.81 312.63 100 14.6729 5.29025 -230.848
25 16.2379 236.696 100 7.19877 4.03605 -15.2747
26 6.53442 2.39199 1.86335 209.33 100 -5.57295
27 9.21524 223.414 100 2.27665 1.58266 -8.25536
28 16.6893 241.407 100 4.7993 2.66715 -15.7315
29 40.4162 264.11 100 5.269 2.50505 -39.459
30 1610.38 371.594 100 13.4444 4.01312 -1609.43
31 387.21 334.679 100 10.1137 3.46032 -386.257
