0 0.831613 0.713556 0.43525
1 0.825935 0.721598 0.45011
2 0.836083 0.723879 0.467886
3 0.836152 0.726506 0.473628
4 0.834182 0.747289 0.496636
5 0.814052 0.730109 0.465423
6 0.807384 0.732788 0.464089
7 0.790964 0.730379 0.456802
8 0.840868 0.76665 0.514619
9 0.8823 0.794124 0.5868
10 0.919187 0.824455 0.649207
11 1 0.830389 0.665294
12 1 0.820269 0.630529
13 1 0.822843 0.659627
14 0.918494 0.856208 0.699342
15 0.842171 0.833375 0.660859
16 0.818045 0.823923 0.653403
17 0.785572 0.829454 0.627739
18 0.790509 0.824285 0.635093
19 0.778699 0.805378 0.612033
20 0.775646 0.812683 0.632207
21 0.770614 0.815616 0.646852
22 0.795324 0.826311 0.667093
23 0.778466 0.842917 0.675825
24 0.793996 0.836775 0.689344
25 0.76346 0.834997 0.689795
26 0.782275 0.843831 0.706938
27 0.763276 0.840756 0.701997
28 0.779813 0.857181 0.729416
29 0.799652 0.864877 0.755364
30 0.784406 0.870369 0.756288
31 0.786595 0.87281 0.76595
