18.670886075949404	1.0012661870503596
26.26582278481012	1.0012661870503596
33.48101265822786	1.0031654676258994
41.26582278481015	1.0012661870503596
48.86075949367088	1.0038561151079137
56.07594936708862	1.0035107913669066
63.67088607594939	1.0059280575539569
71.26582278481015	1.0050647482014388
79.05063291139243	1.0038561151079137
86.26582278481015	1.004546762589928
93.86075949367091	1.0069640287769783
101.4556962025317	1.0073093525179857
108.6708860759494	1.0078273381294964
116.26582278481015	1.0076546762589929
124.05063291139246	1.0093812949640288
131.26582278481015	1.0100719424460431
138.8607594936709	1.0073093525179857
146.4556962025317	1.0107625899280577
