33.880485613946696	0.7275862068965514	0.0049001815
39.00491359376189	0.7428312159709616	0.0049001815
44.333103275796816	0.764609800362976	0.0049001815
49.74805018215625	0.7754990925589833	0.0049001815
56.90695093055668	0.7950998185117963	0.0049001815
67.21354054129839	0.8136116152450087	0.0049001815
80.40982376679769	0.8332123411978218	0.0049001815
97.43664662660196	0.8451905626134298	0.0059891107
118.82723404806902	0.8637023593466422	0.0081669691
153.50891883142225	0.8735027223230489	0.0076225045
269.6574277925313	0.8974591651542645	0.026134301
