17.34177215189873	0.8987407407407407
22.468354430379783	0.9101481481481484
27.59493670886078	0.9334814814814815
32.151898734177244	0.9568148148148148
37.278481012658254	0.9645925925925927
42.40506329113925	0.9796296296296296
47.531645569620245	0.9889629629629629
52.65822784810127	0.9972592592592593
57.215189873417735	1.009185185185185
62.34177215189873	1.0112592592592593
67.46835443037975	1.0200740740740741
72.59493670886076	1.0216296296296297
77.72151898734177	1.0226666666666666
82.27848101265823	1.028888888888889
87.40506329113924	1.0366666666666666
92.53164556962022	1.0345925925925925
97.65822784810123	1.0402962962962963
102.78481012658224	1.0491111111111109
107.34177215189874	1.040296296296296
112.46835443037975	1.0423703703703702
117.59493670886073	1.0517037037037036
122.72151898734174	1.0688148148148147
127.2784810126582	1.0485925925925925
132.40506329113921	1.0584444444444443
137.53164556962022	1.064148148148148
142.6582278481012	1.0714074074074071
147.78481012658222	1.0714074074074074
