17.34177215189873	0.9701183431952664
22.468354430379712	0.9773668639053255
27.594936708860736	0.9970414201183434
32.1518987341772	1.0120562130177517
37.2784810126582	1.0213757396449705
42.405063291139236	1.0317307692307696
47.53164556962022	1.0389792899408286
52.65822784810123	1.043639053254438
57.21518987341769	1.0477810650887576
62.34177215189872	1.052958579881657
67.46835443037972	1.0550295857988168
72.5949367088607	1.0576183431952664
77.72151898734171	1.0617603550295858
82.27848101265815	1.0633136094674556
87.40506329113919	1.0653846153846154
92.53164556962017	1.0653846153846154
97.65822784810118	1.070044378698225
102.78481012658219	1.0736686390532544
107.34177215189868	1.0715976331360948
112.46835443037969	1.0747041420118344
117.59493670886067	1.0736686390532544
122.72151898734168	1.0721153846153846
127.27848101265815	1.078328402366864
132.40506329113916	1.0757396449704142
137.53164556962017	1.0757396449704142
142.65822784810115	1.077810650887574
147.78481012658216	1.077292899408284
