33.66426880113026	0.6295825771324869	0.0054446461
39.00491359376185	0.6491833030852995	0.0049001815
44.333103275796745	0.6709618874773139	0.0049001815
49.430570528033535	0.6916515426497275	0.0049001815
56.90695093055671	0.7079854809437386	0.0049001815
67.21354054129843	0.7286751361161522	0.0049001815
79.38678769856521	0.7373865698729583	0.0049001815
98.0624567788910	0.7667876588021778	0.0054446461
118.8272340480689	0.786388384754991	0.0087114338
155.48714676219888	0.8059891107078038	0.0087114338
238.77234010027976	0.7874773139745913	0.038112523
