17.53554502369665	0.8718799368088468
22.46445497630325	0.8888625592417061
27.582938388625514	0.8995260663507109
32.32227488151651	0.908609794628752
37.44075829383879	0.9117693522906793
42.55924170616108	0.9050552922590838
47.4881516587677	0.9161137440758295
52.60663507108999	0.9165086887835703
57.345971563980974	0.9184834123222748
62.46445497630324	0.9200631911532385
67.39336492890988	0.9251974723538705
72.51184834123217	0.9271721958925752
77.63033175355443	0.9307266982622433
82.3696682464454	0.9303317535545024
87.48815165876766	0.9342812006319114
92.4170616113743	0.9319115323854661
97.53554502369656	0.9354660347551342
102.65402843601885	0.9346761453396525
107.39336492890985	0.9362559241706162
112.51184834123211	0.9394154818325435
117.44075829383877	0.9390205371248026
122.559241706161	0.9425750394944709
127.298578199052	0.9409952606635072
132.2274881516587	0.9441548183254346
137.3459715639809	0.9429699842022119
142.46445497630316	0.9413902053712482
147.58293838862545	0.9433649289099527
