17.535545023696606	0.8987361769352291
22.46445497630321	0.9058451816745656
27.58293838862553	0.912954186413902
32.32227488151653	0.9184834123222749
37.440758293838776	0.922827804107425
42.36966824644542	0.9295418641390206
47.4881516587677	0.9287519747235388
52.606635071090004	0.9334913112164297
57.34597156398096	0.9358609794628752
62.464454976303266	0.9394154818325435
67.39336492890988	0.9394154818325435
72.51184834123217	0.9394154818325435
77.63033175355443	0.9406003159557663
82.36966824644537	0.9433649289099526
87.48815165876766	0.9445497630331754
92.4170616113743	0.94652448657188
97.53554502369656	0.9484992101105846
102.65402843601885	0.9473143759873619
107.39336492890985	0.9500789889415482
112.32227488151648	0.9500789889415482
117.6303317535544	0.9528436018957346
122.74881516587664	0.9484992101105846
127.29857819905203	0.9548183254344392
132.41706161137427	0.9528436018957347
137.53554502369653	0.956003159557662
142.46445497630316	0.9552132701421803
147.58293838862545	0.9571879936808848
