0 0.863 0.6618 0.6132
1 0.8457 0.6647 0.6044
2 0.8603 0.6666 0.6188
3 0.8625 0.688 0.6299
4 0.8615 0.696 0.6324
5 0.8319 0.7075 0.5863
6 0.8168 0.7678 0.5523
7 0.7714 0.7753 0.4936
8 0.8319 0.8491 0.5476
9 0.8554 0.8801 0.5814
10 0.9225 0.9269 0.6674
11 1 0.9571 0.6454
12 0.9934 0.9415 0.6099
13 0.9796 0.9377 0.6133
14 0.8268 0.9895 0.579
15 0.8106 0.9583 0.6211
16 0.7788 0.9875 0.5892
17 0.7784 0.9916 0.6137
18 0.7695 0.9623 0.6158
19 0.78 0.9715 0.61
20 0.8031 0.9667 0.6678
21 0.804 0.9587 0.6833
22 0.8372 0.956 0.7073
23 0.8327 0.946 0.7281
24 0.8592 0.9667 0.738
25 0.8179 0.9704 0.735
26 0.8584 0.9506 0.7675
27 0.8857 0.9417 0.7886
28 0.9326 0.9521 0.8119
29 1 0.9521 0.8389
30 1 0.9679 0.8399
31 0.9746 0.9735 0.8342
