0 0.8652 0.7069 0.5854
1 0.8329 0.7423 0.5361
2 0.8802 0.7074 0.6288
3 0.8618 0.7173 0.5952
4 0.8732 0.7334 0.6146
5 0.8324 0.7418 0.5578
6 0.8153 0.7498 0.5393
7 0.818 0.771 0.5458
8 0.8605 0.7762 0.5635
9 0.9074 0.8033 0.6339
10 0.921 0.7928 0.6674
11 1 0.8348 0.6737
12 1 0.8925 0.6268
13 1 0.8459 0.6681
14 0.8683 0.8128 0.67
15 0.8413 0.7795 0.687
16 0.8454 0.8357 0.7028
17 0.8178 0.824 0.697
18 0.8514 0.8192 0.7282
19 0.8789 0.858 0.7316
20 0.9234 0.8473 0.7842
21 0.8876 0.8621 0.7636
22 0.9127 0.8742 0.7732
23 0.9774 0.8514 0.8238
24 1 0.8804 0.8225
25 1 0.892 0.8358
26 1 0.8875 0.835
27 1 0.88 0.8422
28 1 0.8944 0.8433
29 1 0.9347 0.8386
30 1 0.9441 0.8409
31 1 0.9428 0.8451
