0 0.8288 0.8968 0.4001
1 0.8049 0.9197 0.3707
2 0.8288 0.9164 0.4181
3 0.8236 0.9423 0.406
4 0.8239 0.9259 0.419
5 0.8144 0.9523 0.4213
6 0.8074 0.9507 0.423
7 0.7967 0.9756 0.4224
8 0.8566 0.9879 0.5038
9 0.8965 0.9843 0.5688
10 0.9105 0.9931 0.6113
11 1 0.9994 0.6553
12 1 1.022 0.6191
13 1 0.9987 0.6553
14 0.8728 1.015 0.6312
15 0.8045 1.015 0.5389
16 0.7998 1.019 0.5808
17 0.7849 1.035 0.5945
18 0.8085 1.029 0.619
19 0.8372 1.022 0.6571
20 0.849 1.02 0.6934
21 0.9107 1.043 0.7371
22 0.9061 1.021 0.7378
23 0.9083 1.011 0.7583
24 0.9594 1.019 0.7778
25 0.9238 1.046 0.7748
26 1 1.013 0.8094
27 1 1.013 0.813
28 1 1.032 0.82
29 1 1.046 0.8244
30 1 1.049 0.834
31 1 1.028 0.8558
