0 775.7 96.46 27.65 5.703 1.861 -774.8
1 2.3 13.68 10.6 0.2334 0.708 -1.357
2 872.9 210.8 58.35 6.678 2.162 -872
3 4181 107.7 27.68 7.375 2.075 -4181
4 2613 111.9 29.53 8.019 2.341 -261
5 3019  108.8 28.68 8.262 2.377 -3018
6 4588 155.7 39.72 9.551 2.667 -4587
7 2923 9.946 2.868 153.5 40.44 -2922
8 285.2 92.25 29.91 6.496 2.305 -284.2
9 614.1 9.782 3.211 167.1 50.08 -613.2
10 8960 24.92 6.572 373.8 92.14 -8959
11 2050 302.9 85.91 13.36 3.837 -2049
12 13.48 162.6 83.99 3.494 2.091 -12.56
13 7591 281.9 70.32 9.112 2.38 -7590
14 11.88 204.7 100 5.972 3.777 -11
15 2.532e+04 343 77.96 20.18 5.037 -2.531e+04
16 9081 397.2 96.59 21.2 5.645 -9080
17 1664 19.86 6.002 368.3 100 -1663
18 1426 365.2 100 23.82 7.247 -1425
19 3.667e+05 104.5 22.77 309.6 1.965e-05 -3.667e+05
20 39.71 12.2 5.837 257.9 100 -38.74
21 62.09 268.8 100 13.28 5.84 -61.13
22 18.49 226.2 100 9.437 5.352 -17.53
23 9.253 202.5 100 7.136 5.063 -8.292
24 8.388 196.2 100 6.317 4.621 -7.428
25 15.18 227.4 100 7.284 4.341 -14.23
26 18.35 238.7 100 3.88 2.277 -17.4
27 3.898 182.2 100 1.4 1.704 -2.945
28 19.92 238.9 100 4.675 2.644 -18.97
29 15.34 5.926 3.58 225.2 100 -14.39
30 261.8 11.16 4.038 316.8 100 -260.9
31 44.66 267 100 8.321 3.936 -43.72
