34.580136 0.997799
40.045642 0.997124
46.123633 0.997124
52.549806 0.996853
60.197582 0.997124
68.958367 0.996448
78.994144 0.996448
90.490466 0.996313
105.363868 0.996043
123.350496 0.995773
142.846454 0.995638
163.635449 0.995097
185.423462 0.995232
207.841058 0.994962
232.968929 0.994827
258.311671 0.995097
286.411237 0.994557
315.846277 0.995232
346.418560 0.994692
377.890719 0.995097
412.222127 0.994827
449.672546 0.994962
487.866649 0.994692
529.304866 0.994827
571.150191 0.994827
616.303687 0.994692
661.422384 0.994692
709.844155 0.994962
765.962398 0.994962
817.581876 0.994962
877.435856 0.994692
936.567716 0.994827
999.684569 0.994962
1067.054972 0.994962
1138.965578 0.994962
1209.133036 0.994962
1290.618519 0.994422
1370.128754 0.994827
1454.537321 0.995773
1544.145987 0.995638
1639.275112 0.995502
1730.832400 0.996043
1837.462585 0.995232
1950.661861 0.994962
