34.580136 1.002662
40.045642 1.002932
46.123633 1.003743
52.549806 1.003608
59.871305 1.003338
68.958367 1.003743
78.994144 1.003743
90.490466 1.004148
105.363868 1.004554
123.350496 1.004418
142.846454 1.004689
163.635449 1.004959
185.423462 1.004824
207.841058 1.005094
232.968929 1.004959
258.311671 1.005229
286.411237 1.005364
315.846277 1.005364
346.418560 1.005229
377.890719 1.005229
412.222127 1.005364
449.672546 1.004959
487.866649 1.005094
526.435987 1.005364
571.150191 1.005364
616.303687 1.005229
661.422384 1.005094
713.712540 1.005094
761.810814 1.005499
817.581876 1.005229
877.435856 1.005769
936.567716 1.004824
999.684569 1.004959
1067.054972 1.004824
1138.965578 1.005499
1209.133036 1.004689
1290.618519 1.005229
1370.128754 1.004689
1454.537321 1.004148
1544.145987 1.004283
1639.275112 1.004554
1740.264790 1.004148
1837.462585 1.006445
1950.661861 1.004824
