34.57580 1.00135
40.04139 1.00162
46.11959 1.00243
52.54610 1.00257
60.19441 1.00324
68.95596 1.00378
78.99279 1.00405
90.49053 1.00541
105.36604 1.00622
123.35559 1.00635
142.85510 1.00716
163.64827 1.00811
185.44103 1.00811
207.86385 1.00865
232.99796 1.00919
258.34736 1.00973
286.45469 1.01000
315.89824 1.01014
346.47975 1.01014
377.96177 1.01081
412.30433 1.01095
449.76735 1.01108
487.97471 1.01149
526.55784 1.01149
571.28850 1.01135
616.45908 1.01176
661.59527 1.01176
710.03628 1.01243
766.17735 1.01284
817.81830 1.01284
877.69771 1.01338
936.85523 1.01203
1000.00000 1.01284
1067.40078 1.01311
1133.16827 1.01351
1209.54470 1.01297
1291.06896 1.01405
1370.61768 1.01432
1455.06777 1.01284
1544.72122 1.01257
1639.89862 1.01527
1731.50307 1.01270
1838.18897 1.01378
