34.575802 0.996830
40.041393 0.996020
46.119593 0.995211
52.546101 0.994401
60.194409 0.994132
68.955961 0.992917
78.992794 0.992513
90.490531 0.991703
105.366044 0.990354
123.355591 0.989680
142.855101 0.988465
163.648268 0.987386
185.441025 0.987251
207.863853 0.986442
232.997965 0.985902
258.347361 0.985632
286.454686 0.985093
315.898239 0.985497
346.479747 0.984688
377.961772 0.984688
412.304333 0.983744
449.767345 0.983609
487.974712 0.983339
529.427764 0.983339
571.288500 0.983744
616.459076 0.982934
661.595274 0.983474
710.036276 0.982934
766.177346 0.982395
817.818299 0.982260
877.697713 0.982395
936.855225 0.982664
1000.000000 0.982125
1067.400782 0.983069
1139.344430 0.981990
1209.544702 0.981585
1291.068961 0.981046
1370.617683 0.980641
1455.067769 0.982395
1544.721215 0.980911
1639.898624 0.981046
1731.503068 0.982664
1838.188969 0.984553
1951.448282 0.982260
