34.44520 0.98032
39.94709 0.97799
45.93341 0.98096
52.36721 0.97848
59.87255 0.97834
68.84482 0.97841
78.93638 0.97884
90.50721 0.97933
105.26336 0.97947
123.47646 0.97855
142.79170 0.97912
163.25680 0.97905
185.06604 0.97954
208.00286 0.97891
232.45379 0.97827
258.30256 0.97912
286.20892 0.97919
314.43056 0.97961
346.42080 0.97919
378.41670 0.97869
412.19148 0.97947
448.98075 0.97884
487.66188 0.97926
528.16823 0.97926
570.41130 0.97898
616.03298 0.97933
661.52240 0.97926
712.39813 0.97990
762.82645 0.97891
819.15547 0.97855
874.64473 0.97834
936.55795 0.97933
1000.00000 0.97891
1067.73959 0.97961
1136.82357 0.97827
1210.37736 0.97848
1288.69017 0.97806
1368.16543 0.97806
1456.68731 0.98046
1542.12228 0.97664
1637.22705 0.97820
1738.19706 0.98082
1840.14262 0.98103
1948.06732 0.97317
