34.57580 0.99932
40.04139 0.99905
46.11959 0.99811
52.54610 0.99784
60.19441 0.99716
68.95596 0.99622
78.99279 0.99608
90.49053 0.99541
105.36604 0.99446
123.35559 0.99405
142.85510 0.99311
163.64827 0.99216
185.44103 0.99216
207.86385 0.99149
232.99796 0.99081
258.34736 0.99068
286.45469 0.99027
315.89824 0.99054
346.47975 0.98986
377.96177 0.98973
412.30433 0.98892
449.76735 0.98878
487.97471 0.98851
526.55784 0.98865
571.28850 0.98892
616.45908 0.98824
661.59527 0.98865
710.03628 0.98797
766.17735 0.98730
817.81830 0.98743
877.69771 0.98730
936.85523 0.98757
1000.00000 0.98730
1067.40078 0.98811
1139.34443 0.98676
1209.54470 0.98635
1291.06896 0.98595
1370.61768 0.98527
1455.06777 0.98662
1544.72122 0.98703
1639.89862 0.98649
1731.50307 0.98662
1838.18897 0.98959
