34.57580 1.01270
40.04139 1.01230
46.11959 1.01338
52.54610 1.01230
59.86811 1.01257
68.95596 1.01297
78.99279 1.01270
90.49053 1.01338
105.36604 1.01338
123.35559 1.01378
142.85510 1.01419
163.64827 1.01378
185.44103 1.01459
207.86385 1.01432
232.99796 1.01378
258.34736 1.01500
286.45469 1.01446
315.89824 1.01459
346.47975 1.01446
377.96177 1.01500
412.30433 1.01459
449.76735 1.01514
487.97471 1.01473
526.55784 1.01541
571.28850 1.01486
616.45908 1.01486
661.59527 1.01486
710.03628 1.01500
766.17735 1.01568
817.81830 1.01527
877.69771 1.01541
936.85523 1.01595
1000.00000 1.01527
1067.40078 1.01527
1139.34443 1.01595
1209.54470 1.01608
1291.06896 1.01743
1370.61768 1.01635
1455.06777 1.01568
1544.72122 1.01649
1639.89862 1.01595
1731.50307 1.01608
1838.18897 1.01514

