34.44520 1.02238
39.94709 1.02111
45.93341 1.02316
52.36721 1.02182
59.87255 1.02189
68.84482 1.02118
78.93638 1.02111
90.50721 1.02175
105.26336 1.02097
123.47646 1.02125
142.79170 1.02139
163.25680 1.02104
185.06604 1.02118
208.00286 1.02104
232.45379 1.02068
258.30256 1.02125
286.20892 1.02132
315.32788 1.02104
345.43500 1.02097
378.41670 1.02083
412.19148 1.02111
448.98075 1.02083
487.66188 1.02061
528.16823 1.02125
570.41130 1.02068
616.03298 1.02061
663.41025 1.02054
712.39813 1.02061
765.00340 1.02125
816.82442 1.02083
874.64473 1.02111
936.55795 1.02139
1000.00000 1.02054
1067.73959 1.02026
1136.82357 1.02139
1210.37736 1.02132
1288.69017 1.02238
1372.06990 1.02196
1456.68731 1.02026
1546.52319 1.02153
1637.22705 1.02161
1738.19706 1.01913
1840.14262 1.01587
1948.06732 1.00489
