34.681218 1.003718
40.158140 1.004663
45.997672 1.006282
52.686350 1.006147
60.020815 1.006417
69.123010 1.007631
79.174423 1.007901
90.687446 1.009520
105.580790 1.010465
123.589374 1.010870
143.106835 1.011814
163.916488 1.012894
185.723955 1.012894
208.159495 1.013568
233.305259 1.014243
258.663916 1.014783
286.778884 1.015187
314.515106 1.015322
346.812179 1.015322
378.294641 1.015727
412.634977 1.016132
450.092615 1.015997
488.291591 1.016537
526.863501 1.016807
571.577957 1.016537
616.728956 1.016942
661.842599 1.016267
710.256300 1.017346
762.211456 1.018021
817.967125 1.017886
877.801314 1.018561
936.910515 1.017076
1000.000000 1.017481
1067.337791 1.017751
1139.209961 1.018561
1209.336525 1.018021
1290.770575 1.019505
1370.226785 1.018966
1454.574096 1.017616
1544.113590 1.016807
1639.164884 1.019775
1730.643227 1.016672
1837.176762 1.016267
1950.268201 1.005607
