34.57580 0.98811
40.04139 0.98784
46.11959 0.98689
52.54610 0.98784
59.86811 0.98676
68.95596 0.98716
78.99279 0.98649
90.49053 0.98689
105.36604 0.98703
123.35559 0.98662
142.85510 0.98635
163.64827 0.98622
185.44103 0.98608
207.86385 0.98581
232.99796 0.98514
258.34736 0.98568
286.45469 0.98568
315.89824 0.98622
346.47975 0.98541
377.96177 0.98514
412.30433 0.98554
449.76735 0.98514
487.97471 0.98527
526.55784 0.98554
571.28850 0.98514
616.45908 0.98554
661.59527 0.98500
713.90622 0.98541
762.02405 0.98459
817.81830 0.98446
877.69771 0.98392
936.85523 0.98486
1000.00000 0.98432
1067.40078 0.98486
1139.34443 0.98392
1209.54470 0.98392
1291.06896 0.98378
1370.61768 0.98311
1455.06777 0.98527
1544.72122 0.98162
1639.89862 0.98311
1731.50307 0.98541
1838.18897 0.98608
